1023
8781
259
-404
1633
512
-4607
-6786
4677
-857
-1329
4819
7843
5956
1388
914
-7870
-7602
635
6521
7559
-4578
-8061
6761
4209
4010
6048
4845
-7532
4231
2476
9145
-3175
3917
-1975
-7429
8141
9439
1851
-8053
-7917
-714
-2014
1919
-5723
-462
5283
-2460
-8046
-9333
5817
6007
4820
9695
-8459
856
-1501
4162
-2043
-6294
-7951
-4926
-9965
5763
-8292
6307
-5847
3133
-7395
-6943
2640
1856
3257
4536
-353
2885
1055
-253
-2715
4420
126
9137
-7895
2876
6756
7607
5200
5173
3120
-7589
9516
-6899
-6846
5514
9929
-7347
-1716
-7096
-7256
-3172
-7800
-3195
7703
-7821
1350
26
3405
-5361
8305
-2737
-3308
-8496
2086
-5718
864
6470
2712
2423
8168
-5937
-2467
598
-6973
7717
-2401
-1254
8455
-3755
557
-5014
-2856
4686
-6203
-4747
1894
7920
4411
4051
6004
668
-3881
325
1469
-1743
7986
-9728
2241
8616
5038
-9685
3502
-2891
-7188
8787
-7103
-5177
2119
-5233
5460
-3240
-8731
-1459
7814
-8929
6224
-1999
-2644
-5601
-2587
5604
-7177
8577
7140
3955
-8910
-8582
9757
7757
-4463
2520
-9916
142
553
-29
8960
9612
2585
1135
-3019
-4544
-1498
-6479
-1360
6053
-8670
493
641
2859
-2003
-6775
5340
-9813
9312
-8542
-3359
9329
5179
1077
6622
-5499
-8955
6464
7708
-3714
3196
2663
-4745
3812
4185
-2117
-220
7276
-4881
-7509
-5028
-301
-1277
-4756
-3323
3646
3581
-1383
-5612
-4844
-6166
2493
-6803
-4045
7226
-5156
-1141
-9126
-6066
-9061
1764
-8540
7100
-6237
-5965
-1094
-2548
3178
-808
3018
-8739
9596
-5792
4065
7671
6202
-4041
3586
2165
-2487
4936
-2259
-9769
-1143
1568
-1503
-3492
6093
7919
4339
6864
-26
6452
9894
4022
-4838
-85
6126
-9594
-3174
-1625
-4720
9020
-748
8394
3152
-8486
-1390
7712
-7291
-8367
-1583
-5768
1069
-3024
3306
-4178
588
6027
-2843
6405
-6702
-9328
-9501
-5247
4457
-9647
3875
-8894
4728
-5373
-5477
7516
7599
2121
-8485
-1742
-1222
6322
4529
-5108
7372
192
-1356
-5442
-2236
2584
-1505
351
2016
79
-3615
8750
140
-9045
2477
7414
3144
9228
-6484
-7824
1549
-1906
-8465
3347
-3344
-7428
4353
-4503
9071
-1042
-4654
718
-7805
-6902
-3279
-4667
9211
9599
3804
8591
-2512
-5634
-6774
8490
-1248
6289
1096
-2799
-5950
89
7728
-9013
-4929
3593
7012
-5860
-88
6207
-5903
-2431
1169
-1976
-942
-9748
6631
-6368
-5849
6474
-8735
-7076
9904
7982
683
-1181
6794
4915
-694
5136
-8677
998
535
4207
2439
-7076
3430
909
4356
6820
3077
9034
-7516
8567
-3463
-9579
8471
9201
5555
-6398
-9574
9707
-7995
-4168
-8838
8735
-7387
4365
4230
-4926
2715
-1225
-7999
-6584
-7946
-1557
-4060
2967
-4765
-2948
-5717
-816
-2253
-7881
7743
-1142
-8681
7292
1908
-4876
-3542
4475
-7568
4176
-2460
-8854
-9937
-4537
-5088
-7908
-5017
-28
-9261
-1450
-2573
-9564
1325
-2997
1386
-297
5229
-463
-3996
-4568
-4318
1580
1711
5915
4068
-4446
1860
4892
6517
-4133
-2912
-5524
-5313
-6481
544
-6278
1031
-2837
2321
-864
-1704
424
-8260
5809
-7788
7508
-3319
-547
-2724
-6561
4013
1519
-8968
2721
5095
-7539
7004
4148
-4243
2181
-2550
6660
-4624
8340
5674
5889
-4400
5499
-5413
-3469
1942
4625
7493
-5163
-9098
5845
1291
9249
-7410
5306
-1931
9940
-8340
3631
5359
-7070
1762
-3080
3716
8991
-2616
800
6480
-2880
-2729
-767
-2550
160
-9125
3222
373
-4947
-6911
4237
4038
-4672
6484
-9617
-4914
-9474
-3823
8311
1408
-6464
-6770
8678
842
5670
842
6749
-2376
6886
1150
-4213
-2521
165
-2805
5826
-8563
8589
8167
7562
-5655
-9142
-4580
7267
2793
-1261
-736
-4834
6121
-6208
-9438
7127
2764
-8080
7653
-6529
7984
4310
9174
9041
-7669
7645
-8648
-5248
-1622
-7846
7139
-5058
4622
3584
853
9347
6840
-2313
-3346
-3140
5290
-2840
-8898
1182
4198
794
-3655
2650
2772
-261
8736
-4258
-1583
-4703
5882
5132
9128
8933
3981
-7776
3668
7909
3260
-386
-5070
-7241
-8177
1305
1539
8266
-3314
8599
8636
9290
7795
-13
4473
1628
-2861
9524
-9721
9336
9792
-7692
9669
4281
-98
-6042
4610
7696
-7741
4170
6820
-8608
-1020
-2656
9436
6925
-8155
2572
-8965
2420
9449
-6554
6784
3200
-6411
1698
-8406
6091
-5104
-410
7857
-9844
1519
-4085
5727
-7829
-4147
6638
-2097
-1614
153
1630
831
2082
-4849
-9250
9340
9412
-5922
-2355
6168
8203
7532
-9409
1083
-6158
8767
-5212
120
-2371
8994
4435
-7402
-2728
4878
-3937
-4200
5843
-7593
-187
5903
9312
-8369
9797
-5456
5211
-1980
-6208
6543
-3255
990
-5186
4708
-609
6649
8155
6118
-5621
611
4428
-5404
-4008
-6692
7099
-7914
2801
4292
2809
2402
1478
3356
9785
8845
-9376
5410
400
-9657
8554
-3456
5536
8352
-6086
6292
-6567
-6895
3157
-7436
9786
-5561
-471
-4628
-7677
-7668
-1934
3101
-1252
3905
4215
6542
-4554
2926
5521
-455
7713
-6907
5477
-7501
8615
9979
-111
1444
-4213
-3764
981
9139
-1087
4717
143
-2497
8946
1306
2367
-9693
9436
-1632
6649
6665
7641
-2091
1716
359
-8283
3552
5574
6293
4478
-6231
4474
-4161
-3530
-5160
6969
505
9338
6297
7464
-6356
9748
4741
6952
5562
5266
4516
6702
-9058
3556
1760
-3220
2029
-9181
-1755
-9158
3323
1036
-6350
-1417
4057
1391
9958
2138
8144
555
7152
6464
-9757
7159
5435
8596
-424
-6686
-1010
-4566
-9573
-2386
4417
-5512
8016
7625
-7875
-4169
-9334
7388
416
225
4478
-3251
9104
4378
3992
3345
-1337
-5110
-800
8185
4676
-3517
3210
-9653
9503
5209
-1985
-3042
-6363
-3189
1244
3156
-5998
6647
-9751
-2365
9507
8985
-971
-3850
-4987
-3076
9882
6362
4495
724
3252
-6128
5421
-4515
9568
6187
8712
6436
9151
-5936
-7204
-4725
5434
4026
-9777
-7435
-6126
9232
607
3185
7486
5020
-1669
9571
3343
-2946
34
-1797
-368
4926
5472
-2206
-3292
5641
-4249
-5317
-7767
-5531
1282
-9362
146
-53
-970
9860
5798
-7525
1664
-797
189
2591
-7114
-4797
1893
-9898
7643
5410
-7619
-2207
-8337
-3245
1313
-1313
-9494
5920
7648
8162
-4912
-6323
8598
2385
5910
-6406
-870
-9654
-7465
357
9083
8330
7652
-5443
8946
-6267
-789
-8611
-5549
6115
6087
8457
-4367
-5753
-2574
5277
-9449
-9105
-3227
-3298
6901
