9996
7774
9991
6386
7768
8904
9988
5780
6384
7003
7760
8275
8899
9512
9987
5480
5764
6102
6383
6697
7001
7401
7751
8017
8273
8623
8862
9228
9504
9770
9975
5349
5473
5651
5760
5884
6063
6255
6381
6507
6691
6905
6985
7252
7398
7580
7741
7893
8017
8167
8266
8427
8610
8743
8858
8995
9223
9394
9503
9606
9741
9882
9975
5231
5325
5415
5466
5576
5641
5738
5759
5838
5874
5966
6051
6186
6241
6334
6378
6455
6499
6614
6682
6821
6897
6949
6978
7146
7249
7298
7391
7533
7577
7691
7727
7816
7887
7964
8016
8113
8165
8192
8250
8384
8426
8512
8603
8664
8710
8830
8855
8952
8995
9122
9221
9301
9387
9465
9491
9567
9605
9650
9740
9834
9877
9949
9974
5169
5222
5276
5316
5380
5413
5459
5466
5522
5557
5626
5638
5719
5732
5751
3001
5791
5836
5869
5873
5914
5964
6017
6028
6128
6177
6224
6234
6279
6309
6373
3305
6422
6452
6476
6480
6542
6606
6680
6682
6753
6821
6848
6864
6937
6945
6975
3687
7076
7104
7212
7215
7269
7297
7335
7344
7451
7515
7551
7565
7632
7684
7718
4054
7782
7800
7855
7878
7923
7951
7991
7996
8059
8101
8136
8149
8180
8188
8242
4326
8324
8365
8394
8417
8463
8499
8561
8589
8647
8656
8687
8706
8748
8829
8839
4672
8933
8937
8969
8992
9042
9107
9197
9214
9272
9300
9358
9379
9422
9443
9490
4911
9548
9562
9587
9599
9623
9647
9718
9740
9804
9832
9866
9874
9937
9941
9970
5147
5161
5161
5212
2650
5252
5263
5315
2675
5364
5367
5392
2722
5421
5433
2730
2745
5500
5518
5536
2795
5612
5616
5632
2897
5662
5684
5729
2960
5749
5750
3000
1477
5784
5789
5810
3054
5851
5858
5873
3092
5900
5909
5956
3107
6004
6015
3125
3131
6107
6126
6158
3195
6211
6213
6227
3202
6264
6269
6291
3241
6368
3258
3276
1643
6396
6399
6432
3381
6458
6472
6478
3437
6518
6531
6587
3520
6647
6652
3569
3580
6701
6717
6791
3615
6832
6840
6855
3656
6931
6935
6944
6945
6966
6972
3684
1804
7060
7073
7091
3753
7152
7206
7214
3810
7257
7258
7296
7297
7308
7315
3897
3898
7436
7437
7514
3934
7537
7547
7554
3976
7612
7630
7682
4019
7707
4035
4040
1965
7777
7778
7794
4083
7840
7853
7869
4133
7903
7905
7944
4180
7980
7984
4194
4204
8029
8031
8090
4226
8124
8131
8138
4283
8176
8178
8187
4302
8216
8226
4315
2115
8311
8322
8355
4370
8390
8391
8394
4393
8434
8452
8489
4464
8556
8558
4487
4509
8630
8638
8655
4559
8685
8686
8691
4593
8745
8747
8810
4621
8837
4667
4670
2265
8916
8921
8934
8937
8964
8964
8974
4777
9015
9018
9095
4829
9165
9182
4863
4865
9244
9268
9293
4879
9311
9311
9373
4883
9403
9412
9437
4898
9485
9487
594
4911
9524
9537
9561
4920
9582
9584
9594
4970
9611
9614
9632
5001
9664
9692
5003
5013
9794
9797
9812
5055
9847
9865
9874
5088
9909
9919
9939
5106
5122
5128
5129
2610
5151
2627
1325
2641
5171
2646
1326
645
5238
2656
1337
2657
298
2667
1345
662
5349
2688
1354
2701
5386
2714
1355
663
5419
2728
1394
2728
172
302
1394
674
5484
2758
1394
2758
5524
2759
1403
686
5602
2799
1427
2834
306
2874
1433
695
5661
2908
1447
2912
5723
2929
1451
710
5747
2973
1473
2997
317
189
101
727
3010
5784
1499
3014
5804
3029
1507
733
5846
3061
1520
3075
3082
321
1520
757
5891
3094
1520
3098
5948
3101
1524
761
5970
3109
1528
3111
325
199
1547
776
6106
3142
1552
3149
6138
3186
1558
790
6204
3195
1561
3195
340
3199
1600
794
6259
3213
1601
3230
6280
3238
1624
795
6343
3258
1639
48
359
202
103
800
6387
3312
1647
3337
6427
3362
1650
801
6456
3397
1666
3413
364
3418
1677
802
6515
3443
1678
3494
6570
3514
1690
803
6642
3552
1702
3556
210
371
1718
804
6698
3593
1743
3593
6773
3603
819
1754
6822
3622
1757
3637
373
3640
1759
821
6907
3667
1769
3667
851
3675
1770
3677
6954
3678
1794
3683
413
212
109
851
7011
3691
1804
3720
7077
3722
1848
854
7148
3772
1860
3782
435
3788
1862
864
7255
3819
1869
3834
887
3844
1874
3861
7303
3864
1905
3880
447
223
1909
887
7411
3929
1915
3931
7504
3932
1925
893
3935
7537
1927
3946
474
3948
1931
917
7595
3991
1935
3993
7668
4013
1956
931
33
4019
1963
66
478
235
134
951
7775
4062
1983
4072
7793
4081
2000
956
7819
4089
2001
4092
482
4096
2006
973
4153
7903
2011
4156
7926
4166
2022
979
7976
4186
2027
4187
487
241
981
2033
8025
4206
2064
4209
8072
4213
2078
1007
8118
4266
2081
4275
487
4278
2084
1015
8170
4285
2091
4288
8184
4297
2097
1025
8195
4302
2112
4313
503
255
146
1027
8277
4337
2122
4361
8347
4365
2128
1059
8387
4374
2156
4380
506
4387
2160
1072
8432
4404
2162
4428
8482
4436
2181
1095
8546
4466
2182
4487
508
259
2194
1099
8624
4514
2197
4529
8653
4557
2211
1106
8675
4583
2229
4583
508
4587
2232
1140
8744
4594
2232
4600
8793
4604
2241
1147
8836
4636
2245
82
531
272
152
1158
8906
4688
2265
4715
1166
4722
2276
4731
8961
4745
2297
4750
531
4772
1174
2304
9009
4795
2318
4798
9045
4819
2340
1177
9132
4829
2346
4831
546
287
2365
1181
4868
9244
2369
4872
9284
4874
2383
1202
9302
4880
2395
4880
584
4881
2396
1204
9395
4889
2405
4890
9427
4896
2406
1214
9473
4904
2430
4910
158
289
2439
1218
9513
4915
2444
4918
9555
4918
2463
1229
4938
9582
2467
4952
616
4961
2479
1250
9609
4994
2488
4995
9631
4998
2492
1267
9652
5001
2528
5002
291
622
2539
1268
9772
5015
2541
5054
9809
5054
2579
1271
9844
5060
2585
5072
5087
626
2592
1285
9882
5089
2592
5103
9938
5104
2593
1299
41
32
90
2606
640
296
165
1318
