8191
178066876
165645418
222671442
136975325
181230028
27222519
132294610
7222524
98870767
123154934
35574508
203367594
217199592
258546073
180495883
181777692
38518521
124063264
151125739
86075555
211740210
18875843
253197688
107849619
75768801
90951771
169190170
164526406
221481588
225409134
42705835
242081893
101338285
144800195
203262500
36175485
4161508
78755930
167309176
197329120
101863652
142187795
36615027
55799578
35572016
239551677
236559885
112871495
195622519
157650959
249990115
50989695
200844312
177470636
241178480
208213510
207766456
142446644
29179853
84766641
144255479
157882579
205823193
199279916
238192096
259708655
54083959
139731712
217514558
25314917
178328846
212711262
134297493
233451478
199705421
112890958
230878369
37120521
177747359
109912727
112222324
248040833
201260481
105126367
39740099
96382053
16387929
92556375
203408317
52232812
102350652
81874248
206566229
88931270
205923976
181725363
84813157
177037330
43493167
55620692
239464521
55657941
122110920
174612016
163823203
197017574
26147973
234781585
23462585
167821074
264516881
37557699
65189861
128560673
74765108
44154896
44893508
154454392
4647611
181003535
81188920
180441102
236768644
268288224
117176082
73751905
222503496
250880626
1312701
2203562
246303488
22809875
263987689
209347948
216468526
259693906
222876134
231568010
191877036
178675896
187565573
234352351
127995200
12748044
50662245
73837002
41748166
6570061
99381009
49372751
184160786
95062168
27050037
173619907
101661697
144540872
70723128
265453186
11848545
90088288
245932091
234848502
249682754
103420343
249113081
9588863
127729402
37563750
98782211
168210609
9939857
205461196
13205137
190794404
98182917
61951533
203040944
69792079
165666350
62079157
265764222
267575888
229129115
146662263
75124284
23043671
76976038
76190361
74884423
215482585
130229225
79616295
237749862
242523973
109712289
166721078
63161356
260778546
259590763
200921889
19960301
211043456
196089333
73097237
237766847
73071906
10857374
189197693
29764939
187974308
6864132
163532918
54478139
39520928
45017280
77768436
146311907
75553226
239852804
168453588
63017020
228703210
22990270
221510874
123041191
164679359
254719318
6771804
203633731
176952689
256086040
60656958
147257173
76313073
220879087
11167319
132733977
128109180
69758783
40307860
186686017
57051174
178024847
138777926
224605793
16777763
264656158
87240629
211300752
225950479
202916385
68481108
251078055
176068701
112794200
101952755
65316001
62591917
214913740
185092727
250567252
148441357
117051781
172053247
12680203
199611992
66726590
28727976
152598240
99840830
92177891
70930439
228649812
195329367
245526097
72362767
139691720
98247499
18289999
148962862
3480003
258856269
100138257
208698084
136971635
59065751
93604953
52752881
159583536
203646608
60205318
149976216
30180336
36080615
201738812
29364379
102979153
79351540
193555724
28573906
207403280
127676003
112540432
196840764
250823195
121805908
258546098
199860280
31859496
192421020
19195735
256102898
59155092
76202413
181043141
108067728
101878141
36787855
139035622
61654578
268070264
37213550
137466657
228037206
59945288
74198624
24724289
141414857
204240115
36243679
211645575
174252137
6707514
235878748
228723634
261284982
82237299
128318166
228886920
144775935
165608538
178478400
203815107
103080406
194997737
121800258
253189872
96961693
21011416
241609781
106236096
64279618
165660689
148615636
140449409
51548797
187279707
235636523
121603567
104028438
75398598
243475668
155334968
189954813
248055635
234792894
214298978
135220385
237066882
225336423
57661039
70613475
250778444
120810076
229337017
24336184
239847276
143108067
135171156
38042035
237213221
91269795
153006948
60829834
35492776
30692901
171385813
144871337
254489580
108975235
54435896
141354888
197740971
129702029
256287473
91637461
256082172
32196440
215142781
123028259
136162169
263970210
127241514
203043321
244060672
110871319
264120409
191864471
217378340
265283463
171678143
183649067
45803839
10646215
32681553
163384826
174913061
151195199
50608421
59809425
232369725
178395156
168230043
56601224
84620098
135107489
136972988
19901692
220146386
245446963
210270812
20221310
129314576
251750824
237241283
208292041
135840685
101305180
230578580
135985524
204571643
208434013
204067995
226060334
148356775
221816746
216695783
95989283
229473289
26310212
20028819
109531039
93877057
164051159
219145695
148602162
103646953
141640697
187353153
150708943
97406645
238747090
223152407
7438844
130235450
129667991
227408694
237565254
168491751
20875982
174148115
100199570
11008908
162468834
80558598
51431336
265534684
44044592
48771245
262863780
175744425
84697000
112152945
114242906
174718108
112752619
103565200
184653910
92454945
132134540
105377269
155517337
182609499
20547827
12853894
10712456
126697074
120421673
19472014
81358664
30773631
259351883
65075888
35865727
100302553
140122310
191378388
7489577
73392498
90221960
184067911
138867734
99825430
111139848
167721613
201078125
187671334
189236693
93178518
260295149
213636515
174434957
15982760
165582412
263852173
117004568
88703618
190454021
110603732
76630703
88998149
246281856
71919204
54387524
7868588
81372942
18532498
125316065
163462501
223791801
174576757
71627164
108052161
46336064
173214077
56029284
64578866
98346646
5371657
22874658
129109646
34886379
107794013
206026499
200238855
72357100
197164027
125090124
37624736
81668127
39058634
162505714
174866019
170945278
268272923
127729128
49207589
213498251
193780273
26730524
219186958
181685069
199095693
155953269
153277566
265879018
154536277
142028121
4705334
189790106
77902812
237645059
186110974
174021831
26182841
13789159
265612686
112630537
152170371
181404852
74421636
50478360
231318610
18914664
5729707
5034405
34714312
39854303
144482387
185344074
157691188
109565521
189143944
190348557
81531047
75695654
88415153
101312713
242222624
58890181
110362284
23814944
150631223
154828994
142638229
232267194
211048285
30548909
257942234
171526027
138610135
91074497
72236881
42364022
102684393
265004118
208047991
78996315
228335410
212856318
28569197
196396556
29606616
44227373
1512675
112891221
259196093
38193533
144169225
117886743
7996175
33858907
246961934
208116866
197214729
211637711
199527088
55298885
140977671
215267658
247712379
1166437
163213555
203153684
94931576
32282115
16036900
170310796
34797745
113534208
77137036
244035895
108342149
212183921
241730422
223886523
175927467
186624682
82421402
87189616
196651624
261420910
188197338
130577464
28542085
250595111
50044893
53910512
225025921
233563353
39661443
204902774
79326732
65881146
211032541
244063625
35239147
177013748
136205582
177581407
95350137
50814925
95655517
83038305
125678773
263405688
265252664
8735009
197148810
136671332
144272514
146855330
99132160
223828411
15482263
15751276
73833825
173564831
92935691
209658184
189394643
4851767
230709640
223430365
7709606
196271193
42544935
26856030
262662412
52388630
75960976
134931183
124680814
215160026
63222893
104780727
88112869
145206156
55256354
199502711
103899335
93275479
246414575
59399292
252041298
43973057
125060405
258411616
100666957
216683893
255881078
64561696
197025868
66175710
215256994
87347827
164043767
162786463
208463850
87739468
144270314
91775262
32555363
4083071
5103467
77414744
176843003
133091883
122208389
234826008
239156159
93121798
94136988
153687512
212771538
94005447
258559233
207540153
79625187
264156425
165325122
122237383
127793985
182688115
138573788
214504515
242237787
168733744
230583416
99486439
96261045
108287213
100914140
119520856
93099837
93887203
172934683
222508209
159792917
135483271
154511940
139613628
106848782
33326342
237644483
253896636
195694149
23371764
78699682
17227229
26355640
128512859
37103632
134694362
246187858
156306293
108311885
11948277
59587117
9245405
206542779
83802147
216370385
179031212
90079505
207623220
225809639
59304666
90890984
241536496
197590751
174029452
35009468
219038453
60554410
103291014
153463143
115982412
238329966
234155864
118527115
86449724
87795583
261704626
251726385
139167323
115284317
236336099
187199668
236683075
109714220
152691408
196652733
156087879
182048564
13280
109989606
68395121
161827005
175996452
258288509
261163564
45875927
168416912
262543127
84519630
261139095
47624965
240291329
239084996
131275872
23307117
235867606
37402480
121193990
254366820
154051382
160174048
178373598
91242123
24022561
217083379
78618844
37777616
181154315
195558421
75164002
103931225
2756546
127292320
90953115
36093601
180993277
14479270
116175270
123658552
167885316
49477441
267028075
146756275
142478727
222022824
88369303
190301647
176983932
127637246
204556481
182120987
220111349
143457559
120645381
157054932
112266282
162611985
240032973
162590002
221958415
8535891
31765756
261818872
254726066
132508605
104307222
58912437
121791408
35500883
132885833
19743902
40495928
132880629
207924013
39468025
164670306
224798170
181305759
219092725
105268041
22463757
184357418
231857435
181728443
149057165
183561957
220627691
67300020
220769774
73198601
150659711
110413453
211594243
14505293
21266670
38520820
220886444
3559479
198445896
80445444
240606218
37515316
180885385
176435689
266006854
51149206
234691366
258100623
3359381
8670482
146682038
183923189
218990386
71274943
200802677
261895415
57300532
190643325
235263461
51941573
176448006
85738530
88566529
46750285
215013959
155650676
248895067
196687123
34419138
53208599
31162707
94751809
10114308
18791127
102229784
1425652
171424368
68423959
130310239
24184609
196227354
95964979
48890875
125151691
152038741
17712113
64812470
219806862
209271990
243315339
139036389
134315160
251969585
235757408
30632809
204331726
240048769
255659989
48835088
265523816
247843835
36325459
19216882
165792763
96343325
36289618
132523258
45579556
83513792
193592867
29577436
216061224
95118178
40926049
159561511
22456120
136227396
101254153
36257453
203908170
127396909
268128300
90548169
214310212
200769091
245882922
181211678
47976915
184953582
240633896
121891549
58067681
173698923
244619194
95801219
196138322
82643679
34531823
66823309
22043619
32079133
183912056
66111007
159986022
176473553
106876191
79555283
8470725
26480857
26242113
21642757
140182133
28785071
35223449
174851981
178944065
86710917
207610632
14734567
153259702
167675181
263878996
227581720
266968678
110683393
236349485
54613914
47015447
100493204
242607947
179155575
68682753
41394525
144145667
224474298
9830046
136712434
100427691
162283235
20461032
168608431
66834986
57680750
164009145
191185076
213387336
250437094
256337590
136457363
205710122
200438299
36221720
87226571
203600418
122256339
163579602
47570359
205678300
179939099
224717901
196015694
209375927
21270064
124390290
256606258
33891393
82065840
192505770
117155973
194623156
92065053
163570535
189019499
49292766
140598222
15163945
41156295
252668089
71934411
18164898
243416631
53641458
184341282
229376915
46469718
91990668
5308375
99599617
196796581
107344689
21097093
156804403
243157505
178998649
12474566
165931644
112290423
206030437
177965543
251546374
174462656
78513974
92259526
118758899
150693765
113855617
102483376
18377436
34299489
134802749
95294755
16049095
181099323
20162937
172829312
236649904
24536331
196917686
262209430
141737812
55745892
169245959
58581786
83825177
121018862
100742658
188118771
230638401
188159993
146173374
90283219
227714337
40887762
17381270
42623975
146968220
124087072
260602551
141145023
28479168
133744205
209804338
17015605
182758565
108792428
143545661
74297348
240873765
125395542
135834676
170567664
213694775
193742486
75113309
183704213
222720824
101852997
198847566
47045021
243050373
124567848
195757261
225992707
207026716
171015935
16035183
176408195
236003325
3610514
224532773
71782033
230510774
115064391
211460479
213603987
147801295
221949426
123424079
10334725
163405110
249660297
46263033
93858275
174614515
126700378
247530097
102214230
60278389
84781909
107081382
178082163
175669477
206236029
6554053
257812354
161507968
176703158
62790246
200238834
25348932
23646843
128367407
134522856
161556766
94009237
28432665
73728102
88007148
268128
68502492
133300946
104539216
165962659
208061464
231311900
128963279
234373148
109225417
140096639
241303626
145388581
45679382
68500405
234722127
232483172
376626
264876738
236979228
63390910
51374234
106585906
53194239
195143086
265802278
256555850
164801725
182818150
238280852
49535241
127651846
250210355
153615921
30986962
178234340
181474614
162593142
49848268
36366106
70790704
50044767
250109659
101404297
245701195
115156297
206704283
136360867
226439838
18342103
136705579
89504108
33499294
46383763
99918252
229598481
139721975
76164258
186212128
250259384
191678009
178148059
181045589
115087413
368851
266246761
248385528
151638781
253950945
208579338
122769454
10629121
58842769
257869073
192828062
149936000
241077686
204883552
134002063
204135795
51542945
170050159
147062174
63377595
36028675
44178640
156062721
70692835
236230119
66533878
65261122
103306334
189312823
80475929
68762726
94472375
92373454
90049717
158032393
215988194
205433218
160072833
75058165
95166178
57035057
62489821
61432291
238648952
244508618
57614019
7611219
88627059
72092147
238337995
150656268
76923406
262062896
22016743
227884754
84449467
39175152
266543862
210962454
224491080
190286016
36799841
137083215
73947494
217647618
162483063
81796713
194851554
214540396
182987940
48763909
101204979
222278436
16370942
243414923
142658357
230464203
61757891
156284466
144414329
117117806
146685400
142523055
45379353
110940539
73144355
79164398
7296415
134791089
185175123
187018965
202225937
189991456
142060193
212038440
130529574
34749914
267662891
39042376
134084449
127427074
105617900
15680068
160906418
17979789
258585004
153088509
41485638
16745220
50185499
207612197
265359731
190650070
18422315
116209997
158474944
226089186
104708527
259249414
72264115
48533532
126133118
124740012
81741381
172405218
30741313
75908576
238111064
152742400
16213204
156696707
198985308
201481600
21251722
77654333
237603390
240081469
86363823
183203232
119297180
26385605
13763519
44380187
98061656
100905511
189325033
180660886
145400374
230133143
37358324
206299135
92728742
45358950
140960105
132505714
197606702
123405391
251220300
267016314
13384569
33043504
13909961
135133461
130701082
107317694
28373023
141662246
1901623
230137618
198348161
164424978
178056004
138731445
112702539
180492667
182150167
74852014
118969510
10801210
121804962
105322492
72975411
129056489
219099300
257461053
28818998
241699157
5046848
164183604
101298861
71582945
154290120
257153974
14650250
19210581
20650597
165262794
18604362
170411906
46730812
155983231
204624207
149219699
148198754
210345032
104584007
213155921
198058055
215126387
222720839
257645995
145294103
63035368
114394572
232689998
94633228
170672066
88709501
138409075
177987109
43333254
267718942
89234655
87232774
101794247
173435202
112694055
184072213
93513718
230484901
177614982
232980963
164985892
8280082
143021388
130859141
46073852
23620623
54008893
91493722
21254316
123534972
78025914
21792260
265838462
235631658
258011607
132066877
47790298
98841698
103747942
219807412
140228000
107730112
50987864
98430526
76852835
242772679
102021174
251990246
177372879
29872477
183569913
59838071
160239081
95006499
260312406
51926038
50616407
68493252
240835739
86122979
120910726
6013393
198488450
192152684
71215207
114910678
54520911
35569174
33397073
141660147
37841507
135669211
254910210
261137396
41390538
64012085
30703536
28962630
122341421
231149609
139341027
189083588
5614698
234267900
247543900
29226875
208485677
265522407
257044238
83197517
197449735
250062131
194932226
11203428
80683703
198978852
107136297
105660392
81554628
154085952
147688709
18074717
121553405
182654312
188620115
55738659
231243932
47118495
194520595
131732476
177921315
141866777
43448382
159466472
256230833
263553787
48382349
92041077
174706628
245460402
77085551
211492997
213408838
114469314
205517416
116788671
261439629
161473737
118798097
124556279
261895658
255704906
37875051
925989
223801279
157471216
43167801
32922193
236939003
17282388
157901373
147180824
993044
253776089
187809626
179911927
160468238
106384289
171027701
202981065
198330532
160755203
229637161
93439921
79566947
161506884
79358939
166748010
35015275
104633202
241914204
155598674
262814197
188531437
259352814
237335270
253820235
174680993
236031510
198553062
194470591
13384474
170298362
9567735
217099248
91351257
127904117
169313061
67370328
251545743
222828548
77426374
199405366
49876870
97149558
94088558
30428586
267620835
202645002
99418238
16952412
157655943
130991913
203685799
130093437
169154204
124337549
197186250
107823600
179047157
238726762
211849516
28991781
121826911
6283071
63860541
28874003
76539273
197630265
233192637
86742871
178591559
247052796
181628836
71991162
224843369
134054482
158109614
40754587
127717459
160441608
253009850
111052749
120813264
149358743
159705746
2861001
236508887
1171643
148265281
248697288
111562759
169191348
259356317
194799398
225082788
168477078
136831825
133053996
163473328
160684803
124558717
259160409
252950794
134603499
65958326
18080499
8521342
71122245
142983494
248217300
188991658
190865306
101208334
147567052
173445250
239972630
77780243
127043664
251493679
72075539
175609996
258564281
249501426
1176617
234190214
180875260
130458669
71639120
129971978
44057835
160252697
210940734
123093574
228859688
46751812
102794522
243819565
17098557
234022830
34661734
56879106
158254088
158665629
184519583
16305178
8604654
70526978
255420794
17646341
251668968
188230356
243381159
236295089
266092049
2793415
81382724
39459058
114447173
89469914
90755666
74494147
165150409
200057666
31858925
118093085
102900672
191257815
164400439
107198257
229277502
156757733
78519467
202754438
94278721
43289092
209541511
182002815
140234307
229806768
178114633
132346148
226648197
191224510
171830944
86158383
84784683
115501172
177591070
5778987
60890151
197137701
204908322
185229822
182310082
249932737
206691706
39053326
66345329
12634268
18123844
127602733
29460875
218836475
3431908
209305544
130581306
44221681
118454863
111739619
117051814
249978605
197654205
1578373
192076647
239271179
74230640
215626308
49762757
241757871
97746333
176348240
221368452
172096894
108970806
243768425
122315557
266775975
185075496
200188722
22599887
42778610
11351444
200697015
4677637
99771568
119779615
210568926
230105778
114831602
234025107
1032105
63223869
221137317
188665280
215858992
139344842
138867938
183302586
80934121
111535064
145901078
6668323
208407547
60229843
235113446
254082278
178184107
105030247
136282703
161592392
202123434
236965911
19977638
249014356
61854054
1094386
36145153
114378245
47404883
147181139
267194245
236465473
90894892
228696762
263504490
145929244
190518891
188906323
227609958
236909993
200692525
20778568
132906223
189036379
265845093
86689447
200025586
267014191
97798011
148366295
245799313
30918598
246999880
19562392
18356558
7984439
176090895
194656032
220024707
172934787
223896850
40600742
149319282
179483819
235447457
196725577
173868709
203276135
38710465
82744548
89508613
186815267
132953011
245207738
113929592
17181235
125417533
61443677
267010265
100604269
87524110
6734885
263280940
152155059
194707936
9063039
199966052
180518625
98438143
26850011
241503706
101776540
71439349
14672056
177025397
181027169
99250417
36026545
237321519
76467287
137195224
194532568
49893795
123927436
62391566
26904281
204701797
65075706
231042975
97221113
139254784
42623122
78495197
29920038
75556469
63453325
70877706
160616342
26932597
25823258
59002859
162517057
119723142
21615329
17568871
7588310
228604241
226518830
199669155
48331775
88722877
115633894
51176628
85674636
184893088
253920388
137938132
37908410
41396361
91049509
151208022
22503397
170116119
157130603
40599758
58298451
237511827
21129636
26120918
57551607
46559555
59412189
81934797
266144606
103595030
77120028
92207212
95664161
15094778
200039995
219819801
201512470
113612089
123567351
103626603
152386161
191616662
71163246
249419588
170825705
10292460
187359961
184968967
4719915
146369679
217921812
55904668
224070812
83838478
139100146
217092629
209221479
210669506
84266018
264489668
26242783
19426110
135734725
223196304
44166326
176826953
242172020
161930249
214920564
257946648
219752760
51499725
67230790
247456024
252058915
29787406
248668830
20143181
31836762
147492923
43751905
200076905
155442478
27473220
177440173
76145462
54264865
92688881
107666325
92722677
104066262
120434593
141895642
154917337
60749647
57484801
248535582
53437639
178152868
152691644
50308044
159925422
25788966
183784731
130187639
258558560
248649571
73861831
165978711
173449140
252463994
70148909
50876428
149929037
166712737
63255498
202243354
97097440
203614284
89581442
123203551
209639775
213786196
198040377
124260501
100755735
18407391
108307725
185507717
217391761
236999320
234190493
103649403
70536300
96101791
240850078
19407845
248435323
111782332
266068861
99925628
255090979
204815239
113035430
131761031
87298575
128116698
155411954
178511788
71064420
229315456
166517025
45966377
26162760
211635254
193854293
55126250
147215323
130745868
208539785
146866353
46546370
40736413
195910498
158119836
93557755
188552323
232863626
215272889
231523025
84673347
179812765
137576840
5424892
190892929
266974566
9126702
185670069
229542978
266812544
64292254
43062589
163357727
262040238
2726364
13868001
159612470
110555127
91111212
123659563
77663705
215398773
27435849
7354959
37325016
117155125
29185743
15033827
55513059
80875337
222572630
202839802
98457611
41738734
265532068
240893607
110548789
168657435
239885007
82437936
111406761
237924724
220451206
193829776
258168566
145885921
210511085
15923643
16549901
24632129
83695005
23976666
19643167
199135715
177181070
159108388
167490002
76621313
99105800
86170713
234648270
177249207
32147259
239486988
69322722
66154030
192592017
164655197
252637549
64926884
224492484
257072402
132257035
175843353
89915578
166908999
112155588
253282991
199352917
31572452
23819937
240655400
8381121
63777529
153685838
207004657
238889798
100175025
80071976
5555064
133108620
266641832
108202708
144397017
200974165
30641343
136454229
208302544
128600583
62328453
137620142
32972747
92863706
94929328
39447718
129865586
201995631
1350541
176781985
46935460
69274081
39070843
108687249
32612564
99677757
148780752
169435665
143180523
202314723
172861981
157068894
21590574
220444099
133005456
146129443
225965074
263919260
18189250
228858899
252262225
214130093
234051070
167492583
11861078
131293587
141104897
201228270
176926159
226658015
65797706
156666037
137292894
48523305
175576222
112666971
129659738
56820186
235882939
29489363
204464717
120552197
234282826
126017274
1837511
231393149
153690672
194577335
207976637
119623903
245276515
231120704
28828763
8402502
153120221
28179325
75670475
189463432
223236577
57547955
28995866
50952222
231320655
32409435
49669848
209515459
152076321
220041865
40370810
180191627
128967809
264391598
1419032
218742714
183983294
50109121
23583627
131520446
1675584
78877874
141511119
189648881
229205722
25407895
171000854
141627583
205836169
171090460
251578398
55175824
62279439
119226856
218903133
163062449
254906134
246289156
153627391
249839505
172857316
79542296
192826852
230450064
71527075
193357664
153501263
68283133
135041004
83847709
233688849
100475258
129856068
81970613
126322571
246847392
175987411
216927093
33182895
54181345
50528945
3935863
183451073
208320380
223341843
70628323
174164326
83351559
131978181
154925644
93060296
98872403
115327497
138273821
148191119
43657999
78733447
98413000
162216302
10423903
144848426
107160856
25870622
230742246
196611259
91579138
48912377
29024662
77361612
180612481
140849358
201981666
129037418
72800311
53497900
17335752
243453474
124956493
240176132
226371715
74416509
64540877
251290063
1045824
174318631
64217712
139795027
249023730
55896517
198895110
213540081
233674230
232453052
104381432
263040539
178692877
91649880
117097952
139422163
241656955
241673053
156230756
71765189
159807842
169800484
179855731
11294456
111974380
199433774
36772207
115350121
190184740
107649671
131090729
15338937
128169951
243741918
207900822
172828310
4584662
205332965
53917889
197637258
253674541
90200325
60208774
234616559
179293268
45548360
133744165
89296804
195715415
178693722
18578880
843153
214999184
82533545
137108841
251101568
256160201
25272383
13385748
13721831
107815821
241534387
52881081
221287196
244955807
234539308
54080727
259950754
152709479
137412245
169700786
221668843
175304614
258149988
193196405
238413897
113589585
31283595
51673657
192215621
239481062
103252613
220732583
76385412
53209575
134817194
139099475
22034734
155538376
50535358
77644346
117026502
36539516
140840060
90845038
26475564
180475336
2430283
72659249
91429706
194429018
99082523
230976746
131797780
251857138
231373826
133672723
260057469
35085842
31544958
211251852
137614226
32423183
231733217
48540336
47630976
230994224
181636138
207416488
157697514
133344791
77068918
119858319
187705412
141072482
84763032
133387624
218460515
96572855
171554273
36251694
114716312
34986376
230839117
113353799
268139026
65144302
66521472
115677153
55458225
59873625
216332290
159511345
74660239
188997928
3467454
149903813
255406983
129782510
228877091
103936945
31465038
75320696
4486820
252581478
180046445
109696997
267544492
193908081
79938452
157315684
200141773
239575237
134318939
19712917
190304140
44149882
104486710
34795530
139146522
121737222
93918922
84078406
204791018
72196465
176644679
112076106
200081171
137211314
12285037
236187953
92626804
201671648
243961725
237007029
71209018
90646905
159382978
137361537
100456570
185805920
229985930
39044524
144118344
266323755
97153900
31710920
39950643
99023211
164840812
89102986
76656379
105364332
66835524
236329186
178550527
215443058
104180599
198748599
40034203
103598716
133996899
119696568
238852601
102542597
129095038
181741679
157843294
29402378
207154549
126066174
15048393
88529690
233650151
150610682
174091831
13729997
226571146
52926219
183569528
131788537
56526879
5804290
144807450
80140022
236839061
6734347
79343568
156509965
83183572
240585634
96360620
188777837
56976357
202554932
115824524
251664150
15171518
263846815
209721329
76461782
200964074
31137921
176337640
182565475
43536182
226676352
222597519
205312778
71277094
55358831
166579222
110591345
196864609
131952612
234850644
62222243
33609608
126993807
177234790
94909652
28859829
81519303
251930766
166640403
83038501
170516055
125092601
49840785
34846337
157177382
245661234
198436458
265149072
89468844
221956898
265879521
243155361
39887260
197969813
97618278
43732898
54935624
59069582
57016676
196059658
74455462
170371538
136062534
136036036
62093846
123129327
17453177
1893639
11035337
39501510
262971857
123018338
49169855
150767763
140311243
44636683
153399077
167380556
203547647
115120120
137434960
254357730
61154840
68039
245908853
13838082
134997496
143823715
150021503
194895289
17835902
158892774
255771818
171097222
44545372
221272164
113334702
8728839
252772185
249383142
216735331
188668044
38716621
46332178
127376064
63660144
70145987
11714229
149394956
23145374
133961879
231969632
66104164
104733598
135606372
245746290
66106440
178589937
15981379
187625336
186641185
88569813
106897411
17881376
126510945
24592093
186792975
5262014
231208099
83756435
103813388
136954714
72747269
257149557
82822723
104044550
70953137
95859493
84047794
175477959
231498704
109348598
244660739
204667654
125351496
45586056
205510017
250907843
110875231
158248446
152982032
32837419
153610833
133768566
82262075
198434054
110449076
141671891
126834366
103180659
255197926
26953829
64754120
132571214
197887630
251816058
114245823
69697066
145936222
59413158
61743640
121449287
119635502
187981972
131204390
41544148
67979364
245691127
200581409
158079147
85736252
227415292
43882237
119219455
98752768
117313389
22157719
227768989
258432921
88594223
119607798
17276456
254434932
252563117
53409198
96858153
99215722
148798270
189541840
62829950
44367089
137939897
89015450
190590933
233305374
93938525
265241089
172131660
44464188
251098726
217565262
71383898
207795293
217543245
64437940
160015502
251289400
138060816
241177496
264552068
46668365
216638038
131688831
168795892
78379736
197588367
123548862
233112507
69625447
55619916
201107049
179653083
144583757
166878747
135769077
104648596
252712897
247462238
114838273
57048727
78649752
246363519
189978797
64081154
46513772
151416173
89279513
181759841
260442464
227378227
45788665
153569708
236644646
157573075
76755701
47576987
15704114
195428734
239936573
15881367
104823431
163903675
99365657
24344764
262813002
225870665
14691360
35336513
266276193
71819778
51579969
193868522
71137315
40264491
55756090
53395070
102191720
92679903
23903420
189983948
180911339
78366554
225161016
239496120
198898040
27248119
170111069
30460298
85033173
238145066
169524463
107327994
86858824
4463790
257658125
23392489
152055774
91674569
119142868
132771125
145040321
221332549
188494196
115870095
265893020
18897717
50854281
124705722
222111724
171585258
21880915
264319366
143170838
70783635
225130200
78340156
101264769
143787059
148750306
125350996
34347506
225637724
134304795
246872022
249080172
130176056
120467746
54483359
121775686
76385801
257855319
94642006
100306240
193248266
89479703
61071645
251782541
89041407
103797252
49415435
152842770
47403517
100579669
48200294
229643990
171441425
233144866
214369425
34618901
74336948
251781711
146226649
79062361
229968752
163920852
165711805
60092721
83969452
141632387
210345068
36666443
56781665
119880456
156504087
112496199
266872816
158123293
20989557
250002418
147532943
143492623
253231982
1351528
255666810
114543578
215472318
23857451
199349769
56679184
55557334
157262742
235314262
127285535
188965172
198860149
38067092
224906660
110339901
188582789
173039187
113051516
23024669
227680073
41268534
260341546
217166488
165990802
18644721
52579136
204544051
162915076
87904858
7835701
172632741
21930076
84749074
54768607
168416935
175070702
236726643
30380552
106054548
229317306
41330960
199539517
10494482
113862525
21407079
193877271
42132066
263925179
208590094
46585001
63259330
31411894
24877775
10276862
93996896
50491918
237177796
2434540
175876953
185122674
108289669
20487936
145626522
58753252
220838959
93616232
8634246
55199563
68253383
93679362
172479289
210825526
121080997
180369057
190275538
209114209
107300261
71424199
188920356
57075352
262578580
82009410
47309509
244844039
128689814
51143767
182384725
219736805
125985628
4722179
51495450
15959116
98869667
19029364
202928188
197232065
1486481
168156221
91926751
126074087
243872678
168063723
217500924
165528243
31562042
128338320
143280709
252886841
259289642
164017743
65291027
226991342
42265119
63904004
110462574
250257013
247755389
191352735
41737609
170865005
6843087
114206048
151445719
227005785
26986129
17711808
44679530
83824629
209213082
222216288
3525164
47970531
78703770
197054276
18935091
119263853
108632176
262674554
95172610
62706918
43837653
175344181
265275817
114982282
145007638
56270366
265723609
189026237
95576897
31257483
117410309
234083987
154890472
19332452
114332192
258699557
79364882
214271241
138832309
107280976
19382512
105737477
204994947
264984125
19531758
28312089
163882925
82209426
156896279
232800431
100544005
32344919
6932428
212975781
212183003
43144081
113022860
70564049
218619170
173912422
39302988
47605085
81576176
239110290
177549083
17076087
248070706
107565907
244518132
204083027
168597128
233030226
69336317
185733444
48548874
143832533
133202283
66181382
144316783
14084313
246308710
194921793
193649788
133677543
9023145
157184348
229919863
23803080
237304
60374594
121934303
204093273
17596096
267269897
118794
223496448
181148587
255101747
250583369
55426572
159775855
194555742
82969503
259636981
180355970
197033085
38635447
207088254
143917871
28413982
78533910
223018318
139667533
68382595
105292805
95927300
91914669
164314071
20930636
26565580
121082086
198016759
44130769
197203737
52597175
69812914
150972055
59618286
15899057
55357074
24603693
71620903
21495392
17140798
2170994
2592693
265845479
102632075
242445983
62805651
240270332
174560644
168124411
210842915
205836541
122450489
76120810
255941405
18140802
162025700
135610588
195506939
152592584
201098127
98016142
80052666
128690896
236498954
162068174
232710162
198244560
83974499
41018702
5028032
184085491
175230805
166209992
180391830
261361690
109953213
72122872
236614643
13754518
141908
102636973
119090798
259202101
23600731
23577602
247160702
11764492
47722203
172025181
108299720
227346168
185075301
50635364
181659173
197879371
113167742
262804851
211478860
7659372
7953333
46960972
118484667
24117124
189192088
111246452
212938241
6318353
248316273
133136337
227589987
90762959
189322064
110800283
200608268
193020811
172754467
81218134
265561177
153862779
187275559
250401065
90917419
262552529
101968625
42324480
217256051
134260438
238000485
247278838
98341437
251304496
161677365
132646761
97644645
106421706
204937454
267884480
97929908
28623605
127142882
186266971
203987945
128393093
258192372
175159835
83699510
66293376
159680316
85179999
2046200
109634265
38553554
225886892
80205425
232694874
220118841
265903689
232499594
142743522
139696146
49020341
156130662
42560759
209173219
105002161
184190049
45313944
144007239
182773360
87316383
154181838
97080599
19489614
36780861
171243444
120951343
65141435
243155222
113074883
4407872
69163860
181737253
165163292
166670862
180655264
91214270
129355592
259825880
130321693
226300030
54698122
158849659
75976201
157736498
171979343
54882246
63674752
66145259
14213676
144227283
103029956
166334658
27902523
241278411
265965164
64798646
56873592
158611799
101363
7339381
100182041
83068838
218241270
203725403
175510916
155858547
220235943
178920740
127572615
94825972
125061890
3302793
135276767
260754112
111143800
52527588
99543109
40910856
100285953
169724028
164089212
4901264
70681845
191309404
101967860
207302008
68096473
226867906
232764071
81582262
221073868
99004325
63793110
35638860
31520561
225890939
239970102
69365682
222613482
131854224
101410641
261827671
137440589
205389904
118489761
82757797
247740237
67729450
88373339
223893551
72215398
2028258
18082869
129319112
127820042
35821317
239052306
204993708
141790922
264589247
247721495
230474978
67920733
58713758
111664669
238925848
25379683
120219124
27323209
238713684
205955917
218974092
266820955
20122677
107391974
198971338
249356574
260171809
119150631
110360677
233424852
14332709
145667592
123879311
200021061
140442024
167483063
93533024
96841138
106511523
153646075
244923609
127085937
83874786
229472644
190001101
76785848
232445723
209247006
65886340
76956871
235535155
49696531
241007305
112000019
189449905
82898253
162455974
258846872
56435795
229109137
17228482
247535108
133716114
20881837
75729615
157602415
37814935
210576637
220684523
173441956
72076062
118521217
44466900
2168489
207423628
203890652
79904866
267280607
224312749
96148355
197455474
225942915
77571728
183493813
16641544
104727515
180010258
128352642
111384681
5488217
115936992
165449446
182952875
72182520
152787117
211474764
104351585
20452212
114236348
192966229
23049121
26473730
61214211
190124232
37291314
253996186
9034961
133338836
119775721
179759321
212911725
251681903
132744478
35138499
252963590
264616199
217924722
250083945
115636671
55803335
62899125
88181185
208223388
247871779
132136372
194005506
189648894
195511859
111301627
122769234
39505219
227280389
27319396
20951467
112482387
211255757
267796342
124730645
241979518
210654367
209621567
118777335
205980917
181313535
8628421
7010056
174657551
62406900
218995497
68204404
75086987
158991441
159989671
4908751
191983729
43713700
171928745
20082837
187662517
178440974
211269071
250167284
222763847
54478686
227569474
174803374
139175903
169943723
18408484
230290474
261776687
182959214
52361697
25864099
184171161
25513526
50662282
8336665
165443487
73800898
175802163
221465027
86194910
226600165
11242805
260510218
38160808
237187840
123417199
198218187
174772018
228934475
73157995
63234987
157446498
174463337
263296575
8563295
186035646
6499518
172632451
218208859
168708006
147580889
196873835
6714356
90201027
218088478
54430722
41921264
197061708
234412995
118680780
210407350
147836436
120660048
174632002
105768992
140346683
29942062
181372379
209512834
233734006
15679990
36810494
121493499
98616956
196669784
265807140
214286224
135007248
99252829
29576498
209619974
131870734
167262514
77065639
51536413
118500386
135415797
172208184
236149097
21199665
182185041
10372371
183615931
177148935
141013281
28779604
95192637
4339110
179660363
156236789
70113323
130551061
124820074
198310094
36143739
86297802
15476484
88769261
180172847
20782156
169100538
173860876
109662569
138745540
188822086
160891848
118948346
8113315
25353300
84629642
17276550
25780759
1400434
175829835
71582172
259986877
73437173
176622836
222057801
36653910
244144578
133643697
91662899
256095263
53685082
80685944
248417986
95351322
122601476
102030923
96481358
172955386
257899205
209813665
180718697
100309416
95515968
164821015
209346276
251380250
233395680
260751509
196823364
265416629
175148482
235784096
175776418
81823635
33515044
139919345
104465387
263942810
226634010
210290727
15939106
141487662
158154834
94922416
117132611
49269077
46784924
200291812
78946997
258649443
1397501
48801609
220619927
192671396
147167276
173893488
140334096
70412170
141725150
23956646
3273024
195974380
101243760
66201908
227512184
253079164
172793379
24324776
71878686
59385629
256506223
28940630
211843299
235855686
60705061
139118299
133907388
105162900
166170365
6455679
45898686
84394189
248582133
112542449
225137336
8190788
144076126
256947235
153426034
9152058
239493768
118485846
73113504
119298171
248088037
145195256
150749200
155163993
147020639
34317844
63000299
218093572
66677479
11031467
261190148
10339181
253234048
219389850
161072936
164174697
187386805
102358622
74691788
170709238
219164848
182231894
10824128
249506074
217102645
185818774
256398598
237770428
66374355
260778488
171035375
252521853
225146982
264371973
265898807
78400981
61563958
171115273
93493580
129395538
69641140
154372470
99265032
218129403
88735780
191830250
53418913
81463358
225251147
11145091
56144043
181750436
86185598
124508554
268340139
77543735
103679183
242624643
89394280
165092802
190411274
138556316
155864807
149918947
265650002
235915275
109180133
138611006
236059162
182966435
41306142
7728833
253638626
95822713
186160288
230765920
26222409
54685639
216734751
133438202
237786863
135553510
179843229
160910378
23999580
187827730
75619353
172784152
129111021
112601532
150614598
130393091
190792826
23591490
227774410
235988678
8057715
244450276
131017264
8748720
198233095
127658466
91307370
28619841
203712199
36005705
257595711
127585766
246474075
129001984
208450386
103035048
206738791
236987396
64777822
56938656
39619466
128825657
103450931
47080385
116017645
266807345
129289166
194378380
230363021
149736679
248862958
103825549
96477397
164648386
239916748
194250409
122609238
94334666
57064970
68407476
219741207
244973461
81695344
161252876
181821711
200141389
14589869
260480163
190825344
44534831
200873551
62426429
67272207
145354617
181854468
262695821
228086063
161304078
209135514
83977719
54955900
137164867
135932512
251616473
218089349
133803512
181841236
212083268
46071946
246155927
71394278
247253803
185791356
231635192
162824889
197748135
117111422
178882511
241116253
11017026
195219681
54878199
164082086
19948979
181678357
170593819
42604970
181418602
132233488
257018078
174837966
152851796
82548963
249413220
199149222
185287847
50459170
90763182
66550044
61960933
253509139
125730345
41581968
267147540
51521874
5472126
10374443
89321189
196638684
162694859
179671393
2873781
120793884
90615258
101080279
252331866
176155520
157951984
157172019
193583476
266592815
51456157
8970598
172553826
241843637
88778696
245225255
236356467
184596328
197287295
169921224
49261391
144860406
238116484
82348395
38221408
98842784
230436112
233949520
249681423
98520344
91895700
260039369
150541315
149310604
77765635
218151202
117951073
7137710
171289757
36516518
97800546
135202760
7907212
226745612
71007929
49947342
14477501
179406379
48923845
214054042
225314532
186618011
250951722
145096911
74431631
178370604
177234643
151497661
80377172
194121924
125242906
8022949
158912038
150812572
80352337
16505510
93126011
204086283
208190908
133227444
252481785
168480230
124105944
175679698
247928202
170465096
18427206
64922681
203554977
147060968
217285263
208983409
226438682
160120356
189738533
115875345
23311730
30842393
244497595
101215785
53335245
135631111
128368399
171565494
67486624
66012184
60320574
187601414
85384167
263382298
4799771
197774812
109208705
121713738
226141164
216182291
95975590
99626445
115091821
248182130
69436591
73819402
20082595
28508392
242552707
77410520
150343674
52976844
25175935
96627217
182958549
260682990
238700938
102092071
24227346
41608865
217419458
113917985
14683944
61315309
148433748
253680572
165883980
108380444
252316994
68809809
152452605
174387066
37224966
108943414
214275401
184867997
52225721
36906020
138281632
91025810
148539716
118650675
22058906
94107795
173446824
43210536
179513683
31771773
138719490
93775358
75256530
208286940
98712349
11007823
108195456
107026865
162799227
105120625
3670627
154956229
255584048
63955786
77596582
19591150
87828426
108202570
71756473
176478569
20456952
171919241
95697819
242410592
111882724
111554231
7910004
75599791
3460561
138839965
90374132
265203102
44347711
219271064
15146473
78522755
65987938
180621687
70389584
251550192
148216947
177743395
67010162
225236353
132668104
208220779
196021505
114033782
201282210
197079228
6991483
197290467
29432639
149210563
52887114
59946486
15346062
234734981
212001795
154428215
241092544
87399804
10336204
227174997
199114385
184826336
83032241
177389691
152180755
252674663
52177723
146709893
108204948
1504380
50135540
227676604
202718340
176600615
28397246
224684368
8572367
101357692
225290097
8573234
71657288
80615946
234969434
194550034
107764652
117315211
233493086
34526446
59087114
94010910
186615461
78109316
141722614
253676198
231275025
127926948
64990585
255309197
146008366
172897541
67773527
201180561
254894148
227546058
268184214
231512603
162267586
235606003
151719570
51413556
248176521
163189152
72507610
122462934
84940106
161869974
256212442
133583978
72050858
191545666
111196948
257901554
68840998
203008874
252656516
111811882
130384874
107320646
92850781
147100485
135032760
124081237
266558750
158426189
264810212
68345446
8475879
52296136
127087558
149622038
249357326
57953985
50009751
148493184
13489369
239700798
152700244
144117560
67780211
82788473
78407663
95869287
104462008
231450345
85430691
127684065
30646428
215046947
138903787
112685850
95172733
10710013
52766011
25667730
206038981
142561416
23331115
7367946
44909182
83746815
88686104
44175201
86601480
22567374
80087869
636146
256430847
11299640
128156890
155800087
82650984
166309808
183544568
48096085
237313224
175020408
63041575
52323693
227125431
178722189
138384308
179987096
155840570
213036338
176908912
122587261
170755671
105105481
87495980
72359507
168887471
82587227
211214474
130536722
240360880
214662777
78725123
205633860
108997347
128539226
15654165
89139527
140027939
37181570
245564711
171016979
233151321
121884362
167264655
162838894
133220628
163906384
200150544
160277062
89055294
152567753
104151258
226871697
20802518
57659327
28982352
249825845
198631703
208564219
138110297
227825833
193179024
55023362
69615641
65597939
198276672
98799840
266073598
199824579
146146372
134867206
4690194
204611821
86473593
143972922
205462917
235371474
139849079
249391253
201168709
88958421
14786043
234349984
221254321
151074717
146349236
105192485
111739918
249745429
183255871
254372176
27229353
36054457
39658978
31783856
213744999
236310831
221610442
104617345
30380229
218788750
226852118
143995680
155096388
191684496
100805048
250506499
212795659
262929726
240317174
225036204
249524066
80183306
62527443
99504500
91533920
203745297
237216971
99170097
131092973
170097002
184760452
181690998
94358624
250709011
166168141
115304405
60104511
122082954
108110684
126537399
216210349
146794995
12720047
87745850
177500819
93595909
99134746
90513939
85785450
28635318
223024944
220424657
267194696
130982607
126420414
53511691
109127563
213081884
190471668
53266592
56876184
218346137
147992989
86207173
88999190
239736983
33563303
211017734
207507895
189734734
192809517
94479406
85744066
192724974
99306751
138218931
264739354
117140306
220113019
49950074
54910591
129764226
132410070
182641903
73612800
241875066
800190
165960566
105880270
69077119
198733491
224624175
55680130
100670080
34217168
219745030
194039156
233057239
182737025
40035241
99513752
186728269
189667193
232232844
18703972
107778082
112679387
117894684
245193532
138403889
250726767
257587491
104793765
176598400
52162411
239977677
196621988
164243556
6367403
79369995
264438731
39834199
16968674
252298854
129833836
161043414
193157348
252969406
110839603
250107959
10560259
148927768
241890817
218084121
72771178
229964084
110317147
151472976
111526095
142788119
7591045
17433273
139051339
155408526
42026710
50048682
234360080
10303416
186668908
69938523
242152115
68442108
232390151
45568570
122554591
69938550
175439814
72440000
28732699
167799757
44060725
195920366
56400739
180370792
175928945
151339418
121900652
77062144
144756589
177508057
200365669
155842701
77792785
44556548
208036046
7475962
233159049
41183911
6676700
109430080
201879656
204669599
31290197
236050294
1471494
49097960
232095795
24674623
5649226
238615200
11222602
197317400
164725172
54969929
152302389
46729457
153704258
26409297
105843094
160166117
20141545
141266918
60781128
230478760
62306842
181303325
36912445
1117121
233102863
103576895
200462776
106830897
267728454
254697243
229799341
254109476
37634871
134158257
26518390
192753869
96594926
242601418
246812352
86613528
160910314
41310512
134868188
122905982
177626852
11064154
159233936
45702403
6524846
243488838
72316126
36865537
157697535
56552165
261591737
56618612
41883997
257549725
248638424
227756428
136551836
65080709
29834817
184750155
160045333
244086842
130755264
201930372
76357803
99403032
106260402
247387707
186850273
86953101
195897142
24706646
28218446
167522058
225015411
41437974
80755953
240022676
216658985
123966039
222907028
29333924
173522445
74599129
26010913
95323569
247071672
215120411
218784395
114212662
4408843
67441672
189001917
40883567
153523905
147605588
1086872
264279897
37130192
113599195
105128853
223687921
142486481
3524314
174592709
94114660
60976031
224225242
32902576
170490817
172708660
221304512
114888664
119967176
6498049
256125664
161754223
137505825
246636310
172397089
206897894
258674277
94073969
224830589
164047327
250595301
232294678
48992436
30032248
264700482
83848734
231071156
159736306
102075617
189096211
46641178
81715403
235344047
117764120
34231413
40349378
69364867
5353369
81516242
255957982
127117348
143980407
76689031
146012386
52155561
71205340
231473727
25668256
156877434
57700775
5694999
108729429
143861583
239909395
244108000
175863129
176126147
170528436
156034292
87358730
32959616
91827057
51586721
218896324
249669278
242090473
86820306
150681359
99664697
155609414
251678139
2569126
90183479
182870140
7842251
131219004
152176304
179205398
50422343
49423962
100823755
144505169
125946964
138791453
153079256
245000477
15353934
240714304
221629690
201575573
135166066
155010495
48808040
163568302
236808868
41163797
201205264
162938070
241778657
243345018
203480618
205894456
12069910
264741975
178096728
151267510
201469162
174667976
215984756
13705323
201842349
158668908
205850731
107342471
29890703
61332302
55201010
126576337
121227198
14830443
234392130
214077978
91073021
20622086
182125325
91312423
41943566
73735728
189713630
21354370
232815067
68289713
260373752
14724817
258661855
123198180
173246837
162385761
137201363
105865685
14373307
111455300
185834801
126799187
117598060
202916218
43555240
11058912
72367941
72789269
163554281
141581027
201928488
41485422
237926387
164031781
80741622
139644569
82784391
158888961
233961848
41205406
262821689
97036879
184567415
75640057
7864146
3752801
243146293
656768
63868800
70684362
93739639
210777402
9794750
162225816
188981066
229360542
150817587
179727700
63964609
268418722
127128997
91318065
8897546
207667842
17327330
239668483
122182938
235033663
236857463
244560906
98839518
185078845
223803541
82558705
182928206
40136780
259488145
181014824
195634110
259395099
174513380
259178986
13813902
90260397
34398219
166009658
135071810
138523458
44553553
56637595
250740453
131626621
207463064
102864967
180278111
81581641
12597671
51441586
118050370
76081135
63280280
254920938
115704176
85316853
182142900
255955823
152706753
181125710
253828804
138731620
182649541
235896406
91865554
38783330
262735691
101630425
173270547
119325889
241264083
108771334
181022009
251646671
17991981
230835342
115325033
235000662
406444
148267158
13985608
69238561
138552334
118873125
2596618
24484228
219824763
140745154
143466921
172021016
9544596
233512375
45027855
56285468
100838849
153654424
120759106
234873637
160992023
143247812
222977425
87139155
84926339
198959702
20455211
253971545
129665439
132497007
84070987
27122336
200284935
218759337
36276696
71684178
154378784
151472923
5330509
232165574
19427694
123548498
200305422
110005411
197765797
10256517
115973932
56434226
33870884
182041802
151431205
148617117
91823886
95088523
110698345
92213241
190961651
28084101
221371147
3054878
120356887
247497946
193566231
219942620
222969313
91609433
230976279
48493436
49676534
74505996
129496633
168918283
118597069
34135200
98106910
225009749
92261920
233605413
214972579
200918971
249364378
57031393
230932706
230247968
7901107
257811084
7120162
64024164
41179274
63804671
142821719
190643544
79216129
199211261
120121468
71845470
129676370
161039820
233655102
110366366
87613792
113738039
31285119
261268504
264741609
43172469
135370926
119131183
81347205
150609211
206178469
67362258
148401653
124079558
219734856
122458273
75585473
31337380
26112236
110265673
51409764
109608059
127416958
170582970
130759488
115707588
241189250
62179270
36960830
163801642
161759107
255537283
83391493
210997251
200059578
221579856
56204274
110996950
98718493
23453176
13890692
237543842
167782010
95858780
87804201
175690417
185577227
29986216
86867222
80079036
22998849
196567605
24441884
229795
121671473
3556478
168678978
233482326
197688266
166836974
197714119
78198850
241517824
258150564
80452004
86045234
6094482
20772848
243987177
158390046
60476627
146785731
42202841
183441884
156086393
202368832
230903629
262515368
107546443
155960389
101345558
250849612
219982111
108008557
42364695
220254969
159928171
176925517
6743236
60495874
162161031
49620837
226335796
43328131
74069319
146190109
233373862
241021986
30555448
127691001
240821338
189173323
4140968
181301446
159912919
73686850
163050867
191822115
99266458
58338207
194735285
191736130
54104016
248439550
228339569
264779962
46489991
50169935
242531240
176673303
70485786
223647440
50707039
147068803
48401019
238321710
170278183
85763788
191408776
250410466
125545362
170822245
122529771
236074057
98199336
184854086
187086764
68906605
218271142
191063265
266756556
231824657
139743939
154754317
5676502
46048138
262016974
145334521
80335855
258854170
97213318
121717874
26711304
264363110
168185103
147587407
62163671
129434321
33729393
192935454
151708812
192161197
73676759
63429763
221086086
187289928
57332012
85163328
20578283
110374136
246257795
122746287
122151871
66385792
4494065
145867186
141490464
38756033
77335118
66001305
32168986
225570178
157136038
148814001
232255843
124805092
152976595
132799417
195723503
206517715
221864380
268033740
124378087
2862483
48608592
16575205
154130547
259238779
193806187
137700699
244028452
54534605
183979865
109141541
224654806
173438310
46072823
112979064
240586603
147238679
50295306
69221484
72583514
176658670
127512526
74178485
55661873
222503211
99742381
228998756
211374667
266581789
215127437
7796813
189197572
215075360
128768682
75823499
85823283
77734419
249011412
81202916
123899643
209774717
169666507
175382336
215470888
34423821
139307696
224074233
257048246
62930884
56184706
52319186
238572235
79903364
130788938
10360746
252939715
104215538
177612315
199977777
174027018
249996370
57055153
209826392
144544511
125687470
219125622
101485859
7961351
157629299
60401946
105931343
155618505
45745555
208964168
71121810
23392041
89413728
217704745
154357452
147707510
248546621
126488880
54857540
224246621
167176137
93883839
23627850
115263883
194150720
60764664
192280158
118361060
262138195
211453061
9373063
197917729
219412518
33797351
85687653
75835693
109785648
180121561
65467504
2868145
260126150
40084616
8648624
32680811
83753588
101310407
255384000
94210983
107182602
260472677
4607932
33108886
89104367
171966479
263280840
93516201
30462803
230550497
173634607
264927066
218046973
158526930
23527887
166463210
159769996
90470937
97759104
250173499
136136175
8414406
167117245
6465814
150043113
14616741
201239657
93963198
33308448
197649130
28432238
48379240
42287639
54789147
129750067
45576315
222692551
153067639
215041362
67603606
133925127
141840058
59842444
36433720
123461910
125529845
79619633
51129298
111587000
120339917
79440990
90714370
116146882
91608382
161604594
164449510
256655411
34683708
238932177
260060555
205499150
41538478
110252335
129459819
242754244
198203912
171637537
205687723
97829901
242673946
79359552
86451581
150150064
230003044
208947169
229145689
231091091
207331776
119675191
188407885
44373379
241283266
177532361
259150637
232731593
201230690
13161556
195193884
210689680
201611128
18958991
42957587
110837904
255345740
195158341
125192572
193310345
122734061
107799678
179264742
167017303
140372349
108061548
54842245
55348478
206180696
86880351
61104317
138824263
46642486
105113156
171436450
3545922
59641351
150082534
72096371
258868834
110695759
12220625
73568701
116939696
101705573
2036689
235823294
34034326
34818158
181582312
80420107
150010108
61478586
134413201
256602182
51320858
262913476
85482707
124637790
107802506
244114931
150005344
90033789
49577590
204514335
151767236
158259345
46686736
64095685
2601165
150336918
168891357
164711563
157254930
250049044
56189734
17497013
128172679
103249548
187349486
8333198
7414531
92839606
5237234
198275125
163398355
26301798
253725226
4186015
190006000
38547649
7052504
191646359
70135976
219571510
213611966
96181270
117543070
42848126
211897112
137635708
129072348
204936393
115544463
206433587
110403603
225548802
151229607
146072037
119201735
179353552
120316378
97915616
74594856
105181790
166124514
103626607
126578949
75781545
191929195
114562091
9017262
10663937
176084785
172015215
122520341
218187637
240656178
259521997
256623881
224434461
145324851
220433913
146070310
164857612
33882887
78525787
149516689
200304963
191192157
189392760
147045133
163825865
120114425
200618496
27130926
145200381
219448907
78192092
90042268
13160795
27482058
205625631
255980541
227148995
12874829
68108629
225977986
194221856
165186214
211624135
118323390
231589560
55963561
136482168
185325080
207833727
151626091
68983449
93048016
91341523
173798003
245342364
251568426
163331710
257483997
72575343
176267089
155762137
164195297
264469513
158396188
204841455
35113614
41510958
26481937
144809279
78543163
205332728
28826397
178426061
210122536
158732414
50137741
85325801
120388027
214658142
256257895
32965423
70784777
154040041
263386210
210361552
159335644
41435096
67162051
255978030
112766126
46309219
101349824
196747930
134858067
188488869
225701268
200917956
28876358
68708358
7541234
222418364
7699723
234163055
30425843
192478970
64729877
81913806
175364855
17085280
107315439
74292743
209206163
41347037
177649599
118175331
217898297
156958678
94223676
89336670
210981255
74697041
82399537
33769117
4157619
158704373
109449329
72110194
71135031
99257540
48179775
143323913
107287746
53801655
156538397
42350411
48147775
237620318
8526006
181611259
6175827
58611390
117986509
216727709
17475684
16852502
24300486
130371076
111113427
242098569
123542203
113939255
31575174
152182206
98518082
215132863
167768436
17605025
3833187
75651645
11002387
184836690
100179276
193923495
134216583
19193587
7567364
41951209
259775628
145491412
196819534
88550723
171283859
7095793
67168872
76609838
48199142
109048830
116254973
64460508
209924603
255412739
215405528
20116686
92647111
97660304
221941716
122929033
146283719
25555773
268105023
157740578
81554581
86559360
27236923
12490633
51552171
156913377
236987772
195992105
201834516
13667587
44689257
149513505
82295639
244904134
11004045
36036375
53198464
251228505
242521696
128744128
117741729
247479615
230787970
67724225
28870435
104799871
87724219
61924449
207066273
179090617
247699939
89719127
134848618
62260518
30258267
101826161
249442064
73083088
241255307
148227620
74929765
230204247
37346656
30430504
120865390
65879625
198085605
261521065
4316323
180573891
103120934
179035569
806984
134065412
251531557
171942041
33644345
239448477
44135772
91440826
53226184
99773464
205981581
60543079
79846278
178209886
200867462
135994439
110175054
245944400
42202120
245517618
210899693
267470338
32922213
212981529
116774983
160674960
68476757
208772676
159731355
58064327
223598520
8054656
12862649
91240896
150992020
54139946
90505995
209461952
207235864
244018934
32615378
134804862
18431973
198133866
45176799
140274419
126541177
140146241
35176526
200726844
87385989
247205040
83180207
189913519
169871811
259154393
237424244
235905520
116930518
106080465
129750887
56305395
211442743
193513344
221228277
173871601
123660300
26191973
266695365
13196815
94378635
49419298
6623440
64675657
148478255
130569013
109816984
158425901
15527919
60569536
150637475
14808783
137308406
200537175
261426138
196384971
166501810
68064848
134543152
186480292
66385809
96329238
263928164
164863150
85048886
214631835
193610676
22849938
185967355
143652243
2405800
26345793
229169961
100656472
160526045
8178030
66216563
240004865
92005553
159519616
96646909
39615507
175882438
191093868
2755602
4704156
150493214
110857866
180365996
109686416
236422201
240364107
86710731
35074092
97537009
133966114
123262182
7245621
38403625
190460270
132113606
179716814
168041309
220651786
93082999
112047611
42963188
245150393
185604843
33408908
265290515
234693796
60548550
203191683
89361365
247984231
249072220
7119481
39307224
212227358
250194104
69470741
113329434
33873509
253537502
174788318
61512639
215261710
163080547
59420770
241959242
15383651
132259927
8912153
74069844
232398631
12724959
99481305
215696773
73652794
5419833
243396328
9906590
202983287
244650526
264797766
41587386
165298817
232596666
30418799
174877752
199039185
238176069
78060081
252552544
217907027
171328540
40624975
51613762
58137314
103039750
24340057
226687940
6584534
214034338
187732541
233887768
18478999
83877717
137002628
182276701
79348743
159196582
173570536
3646764
94458139
46376997
89110779
84509748
163054817
230047887
34617947
202184031
46519337
120384601
51574338
173111014
233401765
110160203
141875388
69824349
178359255
166107144
164026006
53484454
211612878
158215691
39008976
175933414
178679241
32901018
229738052
29903151
144348716
118327814
121583477
231029353
194923922
250909772
172653996
44390868
16094302
174670866
192634094
185108504
88439253
139809542
159891039
86062994
17566136
59682894
76111931
219710029
45139816
193944532
44258600
252893930
124155649
72238726
158616312
95849230
202598760
259289502
258147350
10350910
182038124
203465831
53757489
263837271
206315701
175712942
70626363
225689745
105552588
257371386
213591399
111522179
166390721
47676100
167176650
191643345
76043868
39291829
257652552
194921471
235253301
144216715
119493189
234238848
186186626
116289325
251241950
6174078
240834192
255623328
171087722
217326621
1543793
40225854
35513743
147883148
78122214
68106428
49916527
245187714
67499454
54944913
211777507
67231726
226273982
72870980
204003682
7292215
220287654
89237654
73393382
216041787
63840596
211365054
126487561
139105309
221287405
100971661
132019365
31152760
189326422
231635828
249104723
194227465
164929725
34998211
118761456
62745462
231119364
262799350
244639854
55257587
158479932
258281807
149671563
118052923
249476188
241907297
236006087
233350206
243144087
93532772
7315985
186610619
240657397
137634161
265759438
227165758
92455336
32917533
32135813
214008171
223620310
200259778
146432669
132761292
54065017
6736270
123026313
62226608
230790533
50299840
119730301
52595573
34511500
135039933
55509151
65382828
83146338
213457695
57551477
103033488
218967108
231783260
158087471
87600526
25633536
111461198
160364951
135774404
59837082
110527659
143678822
65444323
232309964
194977304
111955044
253899979
79519395
207947027
20916207
121130242
80545039
83426893
14858874
253118851
69772189
214138875
251003771
212889889
118554952
184662589
128440698
213782357
63193700
63885030
266484098
125071887
253926055
188874612
184635249
208717735
108936953
184662222
233059631
211278270
10476564
124844104
133948310
165989441
57901291
102612640
145996278
163771608
224905423
157892162
86935898
18898226
216130959
138090434
258367839
230009606
124994825
213853541
232329499
176920262
161640154
237927800
52997709
226290112
108133262
150017817
128611350
233506813
100973433
228048689
135272171
254722911
113810188
181745917
246958361
186094293
211158699
44749316
170912300
264608048
72070570
133042759
127235409
143752855
67186752
225622418
82852613
137463103
109543877
221973011
140750960
163327872
220563055
166627712
267299450
123020506
140609501
85281284
70935209
39927084
109991606
70145264
133639038
167385584
146306722
18453783
170142078
235775722
161515193
42875991
100651751
19114196
259989438
53391094
260717798
263513651
193996467
266237201
7946989
194361860
212760348
179001626
160692619
90510810
49818374
158141753
155380091
118246567
82328093
56429385
169759904
6784972
16106657
162879647
18494071
73143450
186368474
262967460
121460625
22212157
235385888
174398791
6846128
84106422
66233164
170110169
260941678
153656137
261260449
158449832
145479022
77843879
261951162
138166724
124544307
2320742
49004295
658305
223931618
83470201
18715662
256244456
177472280
105573606
96063869
113130477
39031664
179567813
99408479
105323059
236838324
127748621
67334123
120837897
236211718
99242247
70852357
213669460
103058918
203919742
155603393
36295355
185179232
19066522
195803808
190153881
216743461
201975945
31610327
15963586
232003443
45678195
191893327
199001976
188819231
135703452
97246610
155732529
12873030
228699028
204217880
11524679
142314207
96343317
106891976
90378581
25383658
201628782
12603626
177858969
244853603
150835105
261524955
249612449
207204680
1932972
154960653
205027449
247323554
249719754
213497946
39202279
173196366
140406641
150377925
9456879
51696467
41594571
238899593
30824783
153182924
85188467
32465311
46225436
105129909
78890537
2392609
154357014
145683817
14022669
106236721
51225157
131464055
212736703
43677125
34997695
176387703
140491095
116250013
172151853
234513907
220370353
241609763
165892969
139562801
258944630
74447461
133565746
76228784
46057045
157615178
229175974
214036061
184060504
5744860
26658917
230758099
88554865
124444173
144147289
56893678
137034176
210577927
177987502
80527767
211423155
66190559
201456648
259324563
76712243
129265236
110584649
267307822
212573444
170570954
206080132
263920927
224951130
41852054
128049864
245038350
154435537
201798338
115208749
168567694
66102000
103691542
11230525
151013619
137924820
211338972
105350080
70303032
50296746
131421483
178098646
137194061
27261740
231277546
34999094
187842336
42433494
216858137
143796304
42868529
207915665
251991161
163284553
223980575
248300165
171056685
207315929
162883294
95377193
894813
145890242
23142859
135974583
83681538
74124937
92572264
227665833
110512569
263404451
197885061
180805526
127318216
144404596
40053217
239742810
237026666
218062110
77950547
24510684
243238044
1676751
16546560
266475631
191929396
145328836
31248479
122797025
184965839
134856901
177266395
104863732
150574852
205281683
125175247
124703473
11043020
72335685
197395612
76313999
252777843
166166088
246151996
204976527
14935807
20814509
259350530
191214606
84178792
9395475
210794748
160265777
149218581
51070346
122617035
192880112
200047181
98346485
142248073
122720894
66654630
50080961
117077950
201673505
65110284
56438518
8406950
64537715
229010361
147982666
263280586
46132089
133208906
15280001
88597848
46359410
150587886
210156431
127898193
198683329
21395543
195161726
161601878
94306992
191364226
99042464
119415660
234596227
48013830
100194263
75548276
35907678
19558457
69685548
261955759
19432956
120134641
236604295
61732800
223335157
99039988
155723948
248623655
65411722
227615374
153285347
126914685
138591062
113821451
232964389
75996970
203231218
256307849
33816504
40777210
255841335
166327676
95823658
9550647
38550223
181505167
194770041
249960899
241803080
83148507
220381895
32481921
87048968
164710272
199029183
218051372
162155252
77050777
62346482
93725783
219932246
262949599
120711732
256224863
184689883
123240518
47080783
47140742
50268768
48127890
1546851
44440753
61543663
196778723
66745664
53353961
164166313
191977276
248013624
231128316
140045953
106649976
34092525
43465167
86272777
100531511
2484004
176172919
94500766
152470402
136954957
229248029
124540777
238289193
200297653
61234006
69087513
178470564
166144653
123545292
134235482
259038028
219596767
179460953
7246826
53285452
228842660
139760016
112235391
133560935
134767402
180880965
9469819
129579207
122008532
27512451
55959974
251024004
12096690
6381265
83768198
252054168
263477293
52508873
11641817
146747520
16353577
90333049
178104734
216636516
245399416
192829170
14006026
163629648
202420799
52732730
48675113
226579981
237608679
239064155
16364264
66396501
254990424
194303616
4342184
220208770
123634654
151167894
63124606
229789941
65416032
17915315
35364358
157680026
175029449
215414455
74761910
197254081
192736631
265526028
78851166
21570395
197723324
124462961
125787924
118443793
248396059
231449496
249497560
148453616
4472137
172836529
133247891
193043946
226270190
228405173
143757029
118730409
147133424
249159290
172451086
168963364
156185543
4682092
129245903
183495475
217571558
33798260
226252129
175180092
202117577
71962701
92124513
250925448
81927258
46307988
258329643
265107525
161424868
152799456
167406703
120919519
29525461
225508214
258685721
46399686
252386943
155585820
80753813
26479942
153411118
100913641
109240035
237050308
241132143
200829131
224804954
80492882
48662781
133860784
44053502
122959060
22636819
111157313
35467239
87428508
58776446
175449138
45003349
162822434
183047562
50658510
94720713
219766346
256642220
95913426
165930702
10595381
9810233
217494614
164268438
248411616
153164031
31511303
255140168
54214456
216012850
157523925
172279569
16258057
211082369
237726501
56043471
131762203
7886115
128205610
177249218
29008039
58615691
77548702
34323465
101205974
199282747
104693020
186839996
201110868
166150359
27981421
222070006
3999375
264406295
147019943
50885924
246411816
47683579
83158135
124506736
259776222
116162658
232731487
113889057
79944295
113801002
93239736
102637850
123592322
203693363
203442463
103044927
193306208
108384096
264104215
16645446
115426276
68637001
173534623
169568687
246720341
201086924
115839807
55660847
52382267
44298993
55710747
203380314
136908944
112578647
96120087
95349951
138608012
174660283
1220355
15200376
169298730
265178689
8971509
98352669
93078447
63471199
232642741
78486812
229634255
57326553
11899880
109830202
82822306
72966131
197631955
55833708
187110288
268104810
134533849
207759404
132187966
259852750
16768361
133455589
203894063
169064106
16234816
180188498
112064666
261710075
76025351
165896932
128322022
191783507
127882809
156154800
194909229
78689671
150626755
44844483
28006740
123383446
220196083
233082805
73318541
171514534
233233331
37051828
184950666
177557789
234531168
13540985
177945004
19256492
12112150
12722132
42125135
23583719
201626224
147717046
200765239
81908818
34358716
52557937
101617027
108031710
2836127
239001855
148165358
84387647
173927765
105423613
4181377
132107799
180592919
158861134
170744521
150838359
239062202
257421279
104654436
7692945
237417842
149112127
2150727
191577931
209468161
256639676
197175560
210796893
41686270
94580198
185627769
152358217
130878079
160929749
4980371
265698034
103449237
219085928
154227171
57545933
116291575
10502111
112590594
205676261
64768368
24554269
246263235
93420471
203273049
85435232
120118852
4982789
235773842
3566421
38671214
103792943
123104158
27306618
253929964
244751345
174125027
228507693
192936297
16816630
200104475
247095501
226051909
1055612
103432202
268291284
119663637
25122442
145340392
116637654
226423389
134393895
263232377
224547726
182347354
169240977
29344704
159648143
102303959
42486886
207663637
27104524
203783657
35213650
173550671
227148179
253904869
121190316
44509041
117653407
150741665
203440548
93494555
185522165
81535489
116788600
125920309
175625326
211605383
11790115
24687374
169172091
208770653
259858392
6934159
151246080
153405472
110840023
237735184
235622818
50499559
94901286
186196148
218392052
163167466
185986554
30799368
8958356
95119130
173912665
11875341
258698142
263548902
255818052
19295226
234773023
66153412
76529859
239606926
155678900
224753723
4777622
236161219
108160324
174236458
99100510
221070669
190563767
59057659
243320442
6498419
21624563
66920727
65677252
242968832
228234440
256333305
225750301
240573995
122764312
149063484
240194341
138580300
130460122
83932262
187656322
56520670
96773818
44551206
64841691
5210712
2392585
172708448
112075795
145233586
78238277
216526524
186651273
182103456
256133531
118970660
154456541
262339340
176539867
264588619
236902493
131126122
240758935
59030229
156795084
42628910
167780311
112182454
85557571
30572284
21360616
66995708
230717639
199098842
218860224
249155454
159883064
116528631
100270076
70868502
134036764
217712944
165862071
257455573
170398012
49505735
265496024
107690524
241983217
216233017
158403680
220428324
138967968
153175758
107257223
5622146
241089565
194093362
71234442
39188175
134671909
227845195
180490262
106306615
97619901
12406936
262732682
178609174
101301498
6700722
142785012
244326138
243992749
98087301
3294069
68291077
129749651
43373986
229165702
80768180
101453968
35013595
37015910
164747172
263386478
199004280
147312713
89553962
193806132
147880334
151196473
227997404
206222436
212157309
203076767
92994614
22460010
206820243
65090087
191485460
83831353
9499329
180460066
202999066
95853560
26650760
94381397
38304477
84697862
75641355
138506957
47933635
131573333
43970413
45215113
122580193
264964662
63018764
218788988
21110970
230633792
243742892
120128049
267377317
17189991
120119963
79200093
39222448
73203501
230207901
164051661
65631710
88489471
265510071
166222665
224413319
22122979
175948354
226345193
136349121
191314455
178360824
68541690
11900185
130243351
31874791
30505187
108923732
148919203
168343533
129789706
35870435
196568979
168982802
219046674
82667283
160178876
3433588
141006087
232140570
48594672
261264515
43435143
176151731
122451536
134426749
15530425
133706706
18133307
105456562
66777606
7601399
215529218
28549968
138548595
107012465
148020409
203593584
251556321
93968520
42914992
181582996
213400734
11349583
19211158
234705084
7870819
191867399
120858407
196392291
32479145
124175722
170631174
240820793
176801527
220427746
260599556
210441240
93177981
131972459
142104786
40400851
82884214
210165384
94988957
179475788
138689171
238758324
22193502
60021697
171805335
57480027
81105161
7908818
121717304
98706868
242296348
193450585
201717279
176861243
50268488
81718174
53854957
4147550
51695122
256553888
90336686
55504598
238832425
15748115
212636964
219885092
126168707
162486969
145580574
109728121
97589100
24478879
5496082
220319086
241482601
150905813
103601030
237579565
161668750
169328069
133657179
155076303
160439108
110118265
131465205
250006784
238374754
12892373
138204185
248031295
162862598
37397420
258580922
207493073
17873705
34840042
2931065
153744203
15237320
118109209
68701365
225703750
205566890
251480303
33528279
158545458
80152792
48733591
16739431
146703004
128759328
197940264
126266885
50848586
66678051
228408101
81461200
140505842
58071927
100908822
19679866
223424575
86905307
24400499
189899094
242308694
130153547
239602738
231155931
154286114
234920563
228245252
209325549
94135633
105568169
126707106
83539184
104016001
240689504
38937350
252858530
232483301
129868878
65825137
33647691
219567451
239367311
2215853
248940132
58672862
152944704
170565904
203005
218915543
133680941
48115385
157834959
50734099
17151206
233925358
64376971
152787116
53603114
120747455
98321901
70258694
2110438
10583993
79602760
7687792
240435849
228919649
220098040
11362992
95003767
53907264
67033184
218974367
246432374
154869400
33874018
23345726
144390340
38088166
10391377
21242574
127779146
208012616
247520360
139328966
150931178
148023567
49571951
19976296
92870321
117084604
152730458
138277993
239275108
112804120
66551660
179034188
48563355
195500511
18653239
120498766
78934449
212345462
146615056
192921691
82925913
157890912
137511117
54025205
211997286
137103549
178879446
51659859
182661535
134124337
96925716
265587570
186390472
40259908
42371392
7641633
99398261
105052107
16994539
44391899
197317354
90479847
119960714
9438002
16505721
237004574
55345022
139765570
263495867
126843149
77891189
31518777
33266395
118680689
142432648
15703960
159438539
242376310
77140589
209165185
117435687
19299412
18171646
148805244
263179651
75326237
101092389
24561279
175679937
77138536
3408247
72507680
167122860
147796388
64495800
175823080
187271605
107280050
19463795
124046905
132634038
163468135
217269976
128566997
236913642
31420224
8722286
22572011
213557345
209957737
152499017
246371098
187450330
137865146
257695567
27963397
62735138
242270401
132377512
118611537
109475594
39786992
69090175
3824124
4135228
261634239
124823131
144965430
103225165
207665492
17701887
212669867
191716703
242244757
214927263
65604363
261967791
205464570
127800355
100043828
68989288
242335154
153206210
13325998
91215816
259831255
64423688
56287899
91731319
17408218
119139741
125362289
245210620
167399243
237176332
188046177
198433904
46610375
63975132
16452292
251355200
124324678
92022628
227775482
42441342
42871125
230447072
24323464
148037316
249567251
14406182
123206782
215454246
222051093
261740079
166739435
45738111
117903974
197174160
243915619
32550517
257339467
234334432
62067554
231083252
35287027
182824527
105904430
11131653
201414803
197921521
99725123
57456351
67610682
189768232
133256418
175046052
72422901
226112027
213668556
163532510
137900807
148200783
254883690
119882567
161813673
226835729
19896738
62190167
63839833
25215995
113000057
2339501
248753159
229285464
233574721
219747835
172261571
171384022
236893469
32341937
153030915
15889740
120341051
14286664
244262371
239669276
77839172
178385300
18139251
166888092
100750455
153584299
124158098
84043657
199875534
134537953
18271838
172685111
123335948
196005287
190954
153275381
38201253
159566082
181394232
123773013
134677928
10725311
98372531
19539442
265617856
159417932
54652373
159310642
164713413
15363832
129226299
69839821
74325489
163716935
37124731
226407684
72069653
267038213
101914208
189569727
242181997
151090112
233255366
72618621
12391105
97926419
136633814
184598448
191907352
116482344
195762081
117537911
129281983
212443546
55847188
156993865
121860620
264283503
214705509
28251078
13689444
184302080
66695123
79905846
157921684
62827984
47559353
228678968
262122010
43987228
112428197
106787921
112781784
166861319
55217420
155464230
8064615
30171370
114810245
38420516
48504908
69457587
58012283
172527179
138127473
196246666
202460514
118402421
113757152
38816003
53426972
92667762
215417938
61375668
127251752
155795542
1357826
229700647
77138838
59429657
200311740
171692193
117517703
28119524
217464620
230491971
63260203
185876336
6371985
93595863
97098822
148433043
138226690
81712644
44612583
160212214
151846838
201051987
121663785
210276897
116153748
160563389
99084545
65950556
252725755
140739845
41302795
121435340
25193732
135126194
207928991
233185870
73880867
217930155
42563218
20514176
63804514
219124868
58261962
48130952
177808040
63020315
81064968
222174231
93223571
220924565
170053067
160023391
121900601
3633375
179618487
95330592
104009455
50818099
100977459
262804228
215321147
233433642
10284496
53260077
306534
54482934
155614851
86312684
192476938
237990700
154231294
98301559
225723165
234456427
153185408
127951225
185077356
161783995
18969746
193697757
60369801
225801300
184607645
17105341
36003877
69404267
126435038
262640628
260509668
223848168
245383555
179183561
221980298
175477032
53665288
162886996
236987236
18157374
195364379
136487688
256669838
120922530
265301142
21363515
184401176
27753010
194651751
168249506
93227903
44214926
137358889
3797424
55327137
250589953
83517283
101894541
267783914
111942256
60632315
66429123
181783298
173893945
167832144
65937010
196576835
193281413
167155408
242959393
76995760
146461522
189637351
235639198
131310567
245319583
38560062
142379141
265822474
214116501
66316054
265744786
153093725
246916434
191397280
44575270
27581388
172999503
102262250
83054071
189134581
132805686
172461559
189890909
168062666
228999527
185316248
238996943
259549606
77280735
24228543
103048567
247458570
71012655
190758340
161116473
211223178
73096137
89034102
182121798
157469928
92450183
265000719
74443050
91099382
101781082
170121774
153569446
224650337
18950904
240159160
167406170
211572318
190833578
156362226
149154020
1466059
22958449
200394023
87471584
172700656
184829076
217716165
89383577
51091659
124562673
99715914
93982336
178008662
140479113
227983885
52872976
199677733
87159588
149816487
254813170
77318304
165252738
44187166
120730084
12256039
214159590
244330553
175578769
157241236
190949968
266142718
159034108
125673824
182961522
122100637
94802233
196920610
29277329
34406752
167259080
161310830
267126747
98477655
182888875
221145438
152574521
243717729
226825125
248662764
17887129
214678517
112269035
133772343
187001287
188940420
61619172
252869104
66753552
124438167
244571085
115970182
169109939
105250543
44709768
68624725
31774281
170408069
55818717
196030790
97825187
8097312
197088996
9148314
134459433
256017805
159566550
154074589
231655540
86881894
2682108
211840686
251978411
164150449
243409284
124551654
230837242
115650092
