1023
6145
8194
4
2059
2062
4111
2064
6162
21
2072
6169
4120
2041
4128
33
8226
2080
4138
4139
44
4143
47
6194
51
4147
2102
8249
4154
8256
2115
6213
71
6216
8264
2120
75
6222
79
6225
2129
85
89
2143
97
6243
6244
4196
6246
8292
100
6248
106
108
6253
4207
111
2161
112
2163
8308
2165
118
2167
2170
2171
4218
125
2176
129
4226
4229
133
8329
4234
4238
4239
148
149
4245
2197
2201
6306
162
2215
4268
6319
2226
181
6326
8375
6329
4281
8380
4287
4288
8385
4291
8388
8389
202
4299
2253
6350
2255
8400
6353
2262
2263
6363
2268
221
222
6364
4320
8418
8419
4326
6375
4328
8425
6377
234
8428
8424
8430
2285
4336
4334
4341
247
4350
8450
8451
6404
2309
263
2312
8457
2315
268
6415
8464
4368
6418
8467
8468
2327
283
6432
4385
8481
8483
8486
6438
4391
8492
301
302
8494
4398
6447
6451
8500
4406
2358
6457
4411
4412
2364
6462
6463
4416
8511
2372
2373
326
6471
8519
8524
2381
8528
4434
339
6483
6488
8537
346
352
6499
357
6502
363
2416
8562
370
4468
6517
6518
4471
4469
379
2432
4481
2436
4486
4489
8587
6540
8591
2448
4500
6549
2456
410
8606
2462
416
417
6563
4516
420
4519
8616
8615
2474
4524
4527
2480
436
437
8630
6585
441
4538
2494
8643
6596
4553
459
4559
2515
2517
8662
4566
476
8672
4580
8680
6633
2538
4587
4588
6636
2539
8683
493
497
6641
8691
4600
2556
6654
8714
524
4622
527
529
4626
4628
534
8729
540
4585
8734
543
544
548
8741
4652
560
2612
2613
566
8760
6713
4666
8762
6721
8771
2629
4679
584
4680
4682
8780
4684
589
4688
8787
8793
601
8800
8801
4708
6757
2663
619
2668
8818
6773
6774
6776
6781
8830
4734
6784
6786
6787
2695
8840
647
650
8841
4749
2704
657
6802
4753
2708
2709
663
2712
8855
2715
6812
2720
8864
4770
2723
8869
6824
6827
2734
4784
6833
4786
4787
6836
691
689
8887
2741
4794
4796
702
6849
8904
716
4813
6863
8911
6864
724
2772
4822
2775
2780
733
8926
8925
4831
737
8930
4830
8937
6892
8943
4848
752
6898
2805
6904
6905
763
766
4868
8966
4870
2829
6926
6927
4880
8974
6930
8979
6933
6934
4888
2841
8986
8985
796
797
6946
4900
2853
2856
2857
6953
811
808
9012
4917
6966
823
9014
825
4923
4925
830
6977
9025
838
2887
6984
4937
842
2892
9038
846
848
9041
6994
851
9046
2905
2909
862
4961
875
2923
2925
2926
7021
9070
4976
880
2931
2932
7029
2933
9079
9083
2940
9085
892
9095
904
907
5007
5009
9107
9109
5013
7064
5018
7067
927
7072
930
5026
9126
9129
939
5036
9132
7086
5039
5040
2997
9143
9145
3002
5053
9149
9150
5056
9152
5057
7107
964
9155
9156
5063
965
5069
9171
980
5077
7125
3030
983
985
9173
987
7124
3035
990
5088
7137
9186
995
7140
5097
3054
5103
1008
7153
5109
7169
9219
9220
3079
9224
7176
7175
3083
9225
9230
5135
5136
9234
7188
3093
9236
9239
9240
3095
7192
7195
9243
7200
5155
3109
5161
5162
7211
9261
5166
7220
3132
5180
5182
1087
1088
7228
3140
7237
5190
1096
9289
9291
9292
3147
5198
7246
3155
9301
1110
9307
3169
7269
3177
3178
3185
5234
7282
5240
9338
9339
1148
3196
9342
3198
5246
9341
1154
5243
7296
3203
5254
3206
3208
1158
7306
9359
9361
9362
1171
1173
9365
7322
5287
7337
9385
9387
5292
7340
5297
1202
9397
7349
5306
3259
1211
1212
3261
3265
5316
7365
5321
7370
3275
1225
7374
9424
1237
9433
7386
3291
5340
9437
1248
5346
5347
9444
7400
9450
5356
9454
9456
9458
5365
9462
7414
5367
1274
3326
3331
9476
1285
1287
3342
7440
7444
7451
1308
1309
1310
7455
3360
9500
9506
1315
9503
7459
5413
9509
5417
3372
5422
3376
7475
9525
3384
5432
9531
3393
9538
9539
5444
5445
7497
3404
3407
1360
3411
1363
3415
7513
5466
9563
9564
9569
5473
3428
7525
5478
3429
1384
3433
9578
3435
1389
1390
7535
7534
3442
1403
3453
7550
7555
9606
5513
1424
7568
7573
5526
5527
3477
7578
3483
3487
5536
1442
7587
9634
3493
7591
5546
5548
1454
5552
7604
5557
3509
1460
3516
1468
5566
1470
1472
5568
9664
1475
5571
3526
7624
1480
9677
3534
5583
1488
9681
3538
1490
9683
9685
5590
3542
1499
7647
9697
5602
5608
5609
9709
7663
9713
9715
7668
9720
3579
3580
9726
3583
1536
9729
3587
9732
5639
9738
5642
9740
5648
5650
1555
3604
5653
9750
5651
3609
5667
9765
3622
5670
7720
7721
9768
9771
5672
3625
3627
5679
3626
7729
3633
9778
7732
7733
5686
1586
3640
5693
7741
3647
3649
5699
7748
9797
1604
7751
3658
9804
9805
5710
1612
1616
1618
9815
9819
7771
3676
3678
9820
7779
7780
7781
3686
1636
3685
5738
5739
3691
7787
3690
3695
5740
7788
9844
3704
9848
5753
1663
7808
3715
9861
5769
9865
1675
1681
9874
1683
3732
3733
9878
9879
7835
1692
5792
1700
3751
5801
3755
1712
9909
3770
9914
1724
9920
9922
7875
5830
3783
1736
1737
7881
5833
9934
3791
5840
9936
3794
7891
1747
9941
1751
5848
3802
1756
9951
5856
1761
3814
1777
5877
9976
3835
7931
9982
7939
9992
1800
7948
3857
7954
3861
1816
3865
7962
1819
3869
5247
1827
5923
5928
1834
5930
7986
7991
1849
5947
7996
7998
3903
3909
1864
8011
5964
1872
5968
1877
3925
1879
1884
5984
8033
8036
8046
1903
6002
3956
1915
8060
3964
1921
3970
3971
6022
1927
8070
8075
3981
1935
1938
8082
6036
3989
8085
3988
3993
6043
8092
6045
1951
4001
6054
6055
4008
6060
4013
1964
4019
6069
4021
8119
1982
4032
8130
8134
4041
1993
8140
6092
1998
8144
4050
2006
8151
6104
8153
4058
6106
4055
6109
4062
2016
6113
8161
8165
6120
2025
2026
4072
6123
2031
6127
2033
4082
6132
8185
8187
8191
