1023
4099
8196
2053
6
7
8
6148
5
6155
6158
2063
19
2067
6165
6167
8215
4120
4122
2075
8219
2080
6178
2087
4136
4135
4140
45
2093
8239
2096
4145
46
8243
8244
6191
2102
8247
2103
6202
8251
60
6207
2114
2116
70
71
2121
8270
2129
4179
2134
4182
6232
4190
98
6245
2150
2149
103
2155
4204
2159
4210
6260
118
119
8312
2167
120
6267
4223
4224
8320
8321
4227
4226
8325
8324
4231
2179
4234
8331
4238
4239
6287
8337
6290
8339
6291
4245
6293
8345
154
4251
4253
6302
2211
4260
6310
4263
8359
8358
4268
173
2221
176
6322
2226
181
8374
6327
2233
186
4288
8385
2242
2243
196
8390
2246
2249
2250
6346
2254
6354
210
6355
6359
8410
8411
4317
6365
6370
8186
4324
2276
4327
2281
4330
6379
238
2286
4336
8431
4340
2293
4342
247
2297
2300
253
6396
255
4357
4362
2316
2321
6418
275
8468
278
2331
2332
4381
8478
287
6431
283
4385
2341
4395
4402
8499
2356
6453
2358
317
4414
4415
4418
6466
327
328
4425
330
6474
6478
2382
2385
4435
8532
6484
8534
6487
4439
6489
347
4447
8546
6499
4452
8550
6507
8556
369
372
373
2424
6521
4478
6526
8576
388
4496
8594
403
6548
4505
6554
2459
2462
415
2464
6558
2466
2468
4517
6567
6571
6576
8626
8627
437
6582
2487
8632
4537
4538
2491
8634
2492
6589
8640
2496
8648
6601
8650
462
2511
4562
8659
2515
468
4564
4565
4569
8666
476
8669
2524
4577
487
6632
8683
492
502
4600
505
4603
6652
4605
8700
2557
2561
4613
8709
8713
8716
524
4621
8722
2578
6679
6680
2584
2588
2591
8735
4640
2594
4642
2596
2598
4647
8743
6697
8749
6703
8754
8755
4666
578
8771
4674
2629
4677
4683
2636
4686
2639
8785
2646
4698
2651
2653
605
6751
608
2657
612
6757
6756
8807
6759
2663
619
2676
8830
6789
2694
6791
4751
8853
4758
662
2713
2714
8864
674
2723
4774
6823
2727
8873
6826
2730
6829
4782
8878
8880
6830
691
6836
6838
696
4792
698
699
4797
8895
2751
705
6850
6847
2757
2758
8903
8901
4811
2765
717
8916
2774
6873
8923
8926
2785
2795
4845
2798
4846
8944
6893
8943
6899
2805
761
4859
6912
8961
771
6919
4876
4879
6929
4881
4886
4887
2841
8986
6939
796
797
6940
799
8992
795
6943
804
8997
2855
4904
2857
810
2856
6956
812
9005
9007
2864
9004
6961
9011
811
822
9015
9014
9017
6971
9023
9024
2882
9027
4937
4947
7001
857
859
9054
864
9056
2914
2917
7014
7017
4972
879
4977
7026
883
9073
4982
887
9086
4993
7041
9093
2950
7046
2954
2957
9106
7062
919
918
5019
7068
925
924
9121
930
7075
9124
7077
9126
936
9129
9130
7086
5040
7090
5044
950
9145
953
9152
3009
7108
3013
7110
9159
5063
7111
7114
971
9163
974
976
977
7124
983
5079
984
7130
5082
9179
7127
5087
3040
991
5091
5097
1003
1004
5102
7151
7154
5111
3064
5112
1020
3068
3074
7171
9220
1029
3080
7186
5139
9236
9239
5146
3099
3105
7203
7205
9255
3114
3115
5162
7222
1078
3128
9273
9274
3132
9276
5182
1087
1085
7234
3138
9284
3142
1096
1098
7246
9294
1105
7252
9301
3158
3160
5209
7258
1113
5214
7263
5215
3169
5219
7267
7271
1128
7272
5225
7275
1135
9328
9329
7281
5235
3188
5240
5243
7292
9341
1151
3200
3203
9349
1158
1159
3208
3210
5258
5259
3213
9358
7310
5269
9366
7318
1179
5276
1182
5282
7330
5285
5286
5287
9387
3245
7344
5296
7346
3252
9401
5305
5307
1212
1220
5316
1222
9416
9418
9419
3276
7372
5329
9425
7381
1238
3287
7384
5337
5334
9435
3292
7387
9438
1248
1249
9442
5346
5353
9450
3308
3310
1266
9460
3317
9462
1268
7418
7420
5375
1283
9476
3334
5383
9482
5388
3342
5394
9491
1301
7446
9498
3358
9503
7458
1315
7460
5412
1320
5417
1323
7468
9519
1327
7474
7475
5427
7480
9531
7484
3388
1343
7491
7492
7501
1358
7504
5457
9553
1364
3417
1371
7515
9570
3427
9571
5477
1381
1382
5479
3429
7523
9575
5484
9580
1388
7537
5493
1400
5497
5499
1403
1405
5502
5503
9600
3457
7554
9602
1412
3461
5508
5513
7561
9611
3468
3469
9616
1424
5524
7574
3479
1432
9625
7578
1434
1433
9626
3491
9639
7593
3501
1454
7601
3507
5556
1464
1465
1467
1468
1472
7616
3524
9669
3529
5581
5582
7631
7632
5586
3540
5592
9688
5595
3550
5599
9695
5601
9700
7658
9708
9709
1523
5619
3573
3574
9720
3580
1532
3582
5631
9728
5634
1538
1543
3592
1544
1546
9746
1556
9749
7705
3612
5661
1566
9758
5666
5671
3623
1579
5676
7725
7726
5680
9777
7730
3633
3637
5685
1592
7736
5688
9788
3645
3646
1598
7745
3651
7748
3653
7750
1605
1607
9795
9802
1606
5708
1612
3661
1610
5715
9811
3671
5720
3673
3674
1627
9820
3679
7778
9827
3684
5732
7783
9832
5738
1643
9835
1645
3694
5743
9840
1644
9842
5745
7796
3703
5753
7804
1661
1662
3713
5763
7811
7815
7817
3721
5773
3726
9871
7824
9877
7834
7838
9890
3748
9897
1706
7852
3756
1714
1718
5821
9929
5834
7883
5837
7887
1747
1751
7899
1757
7905
9956
9959
9961
1770
3818
7920
7921
9970
3827
3832
1788
5886
1792
7937
1799
7944
5896
3854
5903
9998
7954
7955
5908
7957
3862
7959
5911
3863
7956
3868
3869
1822
3870
1821
7967
1830
1836
7983
7984
3892
3896
3897
1849
7992
1854
3904
3905
8005
5958
8008
3917
5966
8018
8020
1877
1885
5982
5984
1891
3940
5989
3939
1895
5993
1899
1904
3952
6002
8051
6005
8053
1914
3964
3965
1919
1920
8067
1925
1928
3978
3979
8075
6031
8080
3990
8087
8088
6043
6048
4001
6052
8101
4006
1959
8110
8112
8113
8115
6070
6072
8130
6084
8133
8144
2001
4050
6099
8151
8158
4064
6113
6114
2021
809
4074
8174
4078
6130
2035
8184
6138
4092
6143
