127
661
600
218
34
465
312
909
75
656
602
236
904
649
344
865
326
138
517
784
889
102
637
123
814
300
14
197
191
826
112
453
819
872
29
119
623
263
517
657
326
517
231
852
398
929
253
745
396
808
316
447
323
147
704
430
772
457
596
730
889
226
400
582
420
126
824
488
416
532
976
817
406
167
755
552
239
442
575
718
923
162
244
947
608
869
537
648
169
125
779
847
931
509
857
106
74
271
855
148
298
249
391
930
957
703
104
35
265
200
163
351
802
4
996
476
837
253
275
177
41
420
873
117
522
430
475
681
