9998
9669
9970
9435
9639
9929
9961
9301
9425
9571
9626
9795
9897
9956
9959
9255
9294
9366
9419
9503
9570
9616
9625
9749
9788
9842
9890
9130
9179
9159
9163
9220
9239
9276
9284
9349
9358
9401
9418
9462
9498
9531
9553
9580
9611
8923
8944
9709
9746
9758
9777
9820
9840
9871
9877
9086
9106
9121
9129
9145
9152
8184
8659
8666
8669
8683
9236
9273
9274
7258
7272
9329
9341
8754
8771
8785
9387
8324
9416
9450
9460
9482
9491
8864
9519
8873
8880
8339
9575
9600
9602
8901
8916
8532
8926
9695
9708
9720
9728
8992
8997
8358
8556
9802
9811
9832
9835
9027
9056
7887
8374
7921
9073
8626
9093
7984
8627
9124
9126
8634
8650
8088
8648
8115
8144
8158
8174
8410
8411
5112
7171
8215
8312
8186
8243
8716
8722
8709
8713
6679
7252
7263
7271
8735
9328
7292
8743
8321
8749
8247
8755
7330
7344
7346
8325
6155
7384
6751
7381
9438
9442
7418
8251
8830
9476
8219
8853
7460
7468
7475
7484
8337
8499
7515
8878
6836
7537
5499
6291
8895
8903
6847
7561
7574
8345
7601
8196
5556
7616
5581
7632
8943
9688
8961
9700
6929
8546
4886
7705
6939
8986
8359
8550
7736
7750
7745
7748
9007
9011
7778
9004
9024
9827
9017
9023
7804
7811
7817
9054
7838
7852
7017
7883
7899
7905
6245
7920
7937
7944
7959
8385
7956
7967
6582
7983
8390
8632
8020
8239
5993
7090
8053
8640
8067
8075
8080
8087
8110
8113
8130
8133
7130
8151
6130
6355
5097
6359
7151
7154
2524
4577
4317
6632
7186
7203
5146
6370
7205
7222
5162
6652
7234
8700
4613
5182
7246
8244
1098
4330
6267
6379
5209
5214
5219
6680
4336
7267
7281
8431
4340
5235
5240
5243
4647
8320
3210
6697
5259
6703
7310
7318
5276
5282
5287
6396
4677
5296
5305
5316
4362
5307
2646
4698
5329
7372
6202
6418
4231
5334
7387
8468
6756
8807
3310
6759
3317
4234
7420
8478
5383
8331
5394
7446
4758
6431
5412
7458
4385
5417
2723
7474
6823
7480
4402
7492
7501
7504
3417
4782
6290
6830
5477
5479
6838
7523
4792
5493
4797
5497
5503
7554
4245
6850
5513
6293
3469
6178
4811
5524
2765
7578
1433
6474
6873
7593
3507
4251
2795
4845
4435
4846
6893
7631
6899
8534
5599
6302
7658
8270
4439
5619
6489
6919
5631
5634
4447
4881
4887
6310
5661
6499
4452
5666
7725
7726
6507
7730
5688
6943
3646
4135
4268
4904
2134
2856
5708
6956
6521
9005
4478
5720
6526
6961
7783
8576
9014
9015
6232
6971
7796
8594
3703
5753
4937
6548
7001
7815
3726
7824
3748
7834
2914
3756
6327
7014
5834
5837
4977
7026
6148
6165
4099
4982
4517
4993
6567
7041
6571
7046
7954
7955
7062
7957
3863
3869
5019
7068
1836
3897
3892
3896
7992
8008
7077
8005
5966
8018
5982
7086
5040
5989
3952
5044
6589
8051
3964
3965
3013
7108
6031
7110
7111
7114
6052
6346
4006
8101
6070
8112
6354
7124
6099
6167
6113
7127
4074
6114
4564
5087
6138
6143
1003
4569
1004
5102
476
6260
3064
5111
46
1020
3068
3074
118
487
1029
3080
5139
6365
119
492
502
3099
3105
4600
505
4603
3114
3115
4324
4605
1078
3128
2167
3132
2276
2557
1087
2561
1085
4327
2281
3138
1096
3142
5
120
524
1105
4621
6191
3158
3160
238
2578
1113
4120
2286
5215
2584
3169
2588
4223
1128
2591
5225
7275
1135
4640
2594
4224
3188
4642
2596
2598
2102
2293
1151
3200
3203
4342
1158
1159
247
3208
4122
5258
2297
3213
4227
5269
2300
4666
578
1179
253
1182
4674
5285
2629
5286
255
3245
4226
4683
2636
3252
4357
4686
1212
2639
1220
2103
6
1222
2075
2316
2651
3276
2321
2653
605
1238
3287
5337
608
3292
275
2657
612
6757
1248
1249
2179
5346
278
5353
2663
3308
1266
2331
619
2332
1268
2676
5375
6789
1283
4381
2694
3334
5388
6791
3342
4751
287
1301
60
4238
662
3358
1315
2713
283
2714
1320
4239
674
1323
1327
2341
4774
6207
5427
6287
2727
4395
1343
3388
6826
7491
1358
2730
5457
6829
1364
2356
1371
2080
2114
6158
3427
6453
691
1381
1382
2358
3429
5484
317
696
1388
4414
698
2116
699
1400
1403
4415
1405
5502
2751
4418
705
3457
1412
6466
3461
5508
327
2757
2758
3468
70
328
1424
4425
7
3479
330
1432
717
1434
71
154
2774
3491
3501
6478
1454
2063
2382
2785
1464
1465
1467
1468
1472
2385
2798
3524
3529
4253
2121
5582
2087
5586
3540
5592
5595
6484
2805
3550
761
5601
4859
6912
2211
6487
1523
3574
771
3573
3580
4876
1532
3582
347
4879
1538
4260
1543
3592
1544
1546
1556
4136
2129
2841
3612
4263
1566
5671
796
3623
797
1579
5676
6940
799
5680
3637
4179
795
3633
1592
5685
19
804
369
3645
1598
2855
3651
3653
372
2857
810
1605
373
1607
1606
2424
812
1612
1610
3661
173
5715
2864
3671
3673
3674
1627
4182
2221
3679
811
3684
822
5732
176
5738
388
1643
1645
3694
4496
5743
1644
4140
5745
6322
2226
2882
403
1661
1662
3713
4947
5763
4505
5773
857
3721
181
859
4190
6554
864
2067
45
2459
1706
2462
8
2917
1714
1718
415
5821
98
4972
879
2464
1747
1751
1757
6558
883
2053
2233
2466
1770
3818
887
2468
186
3827
1788
3832
1792
5886
1799
4288
2950
5896
3854
5903
2954
6576
2957
5908
2150
3862
2093
5911
919
2242
918
3868
1822
3870
437
1821
925
1830
924
2149
2243
2487
930
1849
1854
7075
3904
3905
4537
5958
196
3917
936
4538
103
1877
1885
2491
1891
5984
3939
3940
1895
2246
1899
2492
950
1904
6002
6005
953
2155
1914
2249
1919
3009
1920
2496
1925
1928
3978
3979
2250
4204
3990
5063
2096
6601
6043
6048
971
4001
462
2254
974
1959
976
2159
977
2511
6072
6084
983
4562
2001
5079
984
4050
2515
4210
4064
5082
468
2021
210
809
4078
4145
2035
3040
991
4565
4092
5091
