100
11
1 2
6 30
10 140
19 247
20 120
22 176
24 336
27 243
35 70
36 72
40 480
7
12 88
26 175
30 261
32 403
35 374
38 111
39 646
5
3 19
8 18
10 120
11 90
29 324
8
8 40
17 70
19 112
32 319
35 640
36 627
37 204
42 78
13
7 30
9 50
14 190
15 220
16 36
20 160
21 85
22 198
26 198
27 391
31 486
33 116
40 396
10
11 12
12 70
13 80
14 72
17 96
19 168
26 84
28 161
31 286
32 432
9
8 22
9 30
10 12
16 200
17 176
19 65
28 330
34 28
35 29
10
11 24
13 42
15 64
18 66
21 210
22 300
25 162
36 174
39 608
45 722
8
10 38
13 35
19 99
21 65
23 255
33 50
40 32
48 80
16
11 10
12 42
13 80
14 85
15 78
19 200
21 72
22 195
23 84
28 285
29 280
32 414
33 312
34 425
35 156
47 456
14
11 11
13 15
14 60
16 120
18 104
29 361
31 315
34 192
35 100
37 459
38 364
43 627
47 185
48 114
14
14 6
15 36
19 160
20 45
22 66
30 152
31 360
32 231
34 276
38 270
41 480
45 578
50 663
51 40
12
13 11
15 51
18 6
20 144
26 112
32 360
35 184
37 425
43 279
47 70
50 342
52 120
6
14 9
27 28
30 221
33 180
35 308
42 551
12
16 20
18 32
25 143
26 156
28 224
33 247
35 294
38 480
41 540
43 551
45 217
50 396
11
22 133
24 135
26 187
31 256
37 110
39 96
41 312
43 196
47 64
48 99
49 102
11
20 44
22 102
25 180
28 216
29 26
35 285
42 468
45 377
49 396
51 630
56 600
2
46 145
50 594
8
20 14
21 12
29 187
35 187
45 459
55 259
56 494
57 624
3
31 48
39 180
51 320
12
23 48
24 16
25 55
29 162
34 252
37 221
39 76
44 120
49 174
52 64
55 315
60 640
11
24 51
30 45
31 110
33 12
34 65
41 300
44 69
51 570
58 296
60 156
61 800
11
26 32
34 192
36 238
41 266
42 320
45 69
50 420
52 210
55 495
56 680
62 600
10
26 6
28 30
29 36
31 136
34 187
39 96
40 323
42 19
47 360
48 150
13
30 18
31 63
33 135
34 140
40 224
42 54
47 460
49 400
52 196
59 315
60 36
63 39
64 120
18
26 18
28 33
30 95
31 36
33 144
35 120
37 72
41 64
42 306
49 432
54 261
55 540
57 32
60 595
61 360
62 74
63 380
65 200
8
30 4
34 64
43 255
46 140
47 273
60 102
62 216
63 629
8
41 154
50 184
51 144
53 130
58 434
61 544
63 36
67 720
11
33 55
34 72
38 70
39 187
44 96
45 340
54 338
57 435
59 558
64 144
68 80
10
33 8
37 144
38 99
44 75
50 21
51 242
57 140
59 30
63 374
64 280
14
31 20
32 28
34 60
37 112
40 130
41 143
43 221
49 285
50 60
54 408
59 145
66 108
69 624
70 280
16
35 52
37 96
41 80
47 240
50 304
53 286
55 360
59 336
60 580
62 527
65 68
66 70
67 684
68 370
70 624
71 240
12
33 18
36 8
38 30
46 14
49 102
59 81
63 93
65 132
66 102
67 385
69 481
70 304
9
35 18
36 9
37 64
43 60
46 13
50 187
52 380
55 110
57 408
14
41 21
42 24
44 30
47 156
48 168
53 76
54 320
55 420
60 52
61 54
64 390
66 160
70 576
74 720
15
38 60
39 48
42 91
47 36
48 221
49 42
51 224
54 152
56 336
57 198
65 120
66 93
68 264
71 180
72 555
15
37 12
38 14
44 160
48 120
49 260
50 154
51 210
59 391
66 450
68 160
69 264
70 306
71 140
73 259
75 429
10
40 24
42 95
49 180
50 156
54 153
59 330
60 138
61 120
65 560
74 37
12
39 15
47 171
54 128
60 374
63 200
65 216
66 448
67 116
70 160
71 198
75 37
76 532
10
41 30
47 72
49 140
57 72
58 361
64 50
74 315
75 432
77 152
78 351
8
42 18
47 112
48 48
58 360
71 589
72 288
73 264
76 288
7
43 28
53 60
68 81
74 495
77 504
79 76
81 120
8
52 100
54 132
58 320
64 66
65 230
66 120
71 377
74 128
12
46 54
48 15
51 128
53 110
55 132
56 130
63 80
75 128
77 612
78 245
81 38
82 39
14
45 13
46 8
50 90
51 42
52 64
56 36
63 133
65 336
67 46
68 456
70 260
75 403
78 306
79 385
13
48 15
53 104
54 90
59 168
60 15
62 170
63 216
66 210
69 144
70 25
72 162
74 522
84 741
15
51 10
58 84
60 42
62 240
65 57
67 126
70 360
73 81
75 406
79 66
80 102
82 504
83 592
84 152
86 200
10
48 10
51 40
53 60
63 320
65 162
68 210
77 180
79 544
80 66
81 578
13
50 8
54 54
56 136
60 96
65 68
66 270
67 152
69 315
70 330
72 288
78 600
81 198
83 420
11
54 40
56 28
57 112
58 54
59 150
60 44
61 72
62 156
66 323
70 168
84 210
10
52 40
53 21
59 54
62 132
63 195
68 288
70 80
75 25
81 527
84 408
12
57 42
59 72
63 144
65 126
67 144
71 400
74 437
76 350
78 378
79 112
80 522
81 570
10
53 18
54 14
56 12
64 60
65 104
72 180
74 132
76 216
78 338
87 595
14
60 84
67 266
70 102
71 144
73 340
74 210
76 368
77 408
79 104
83 390
87 510
89 468
91 266
93 560
10
58 4
59 75
62 24
63 126
64 110
68 14
75 189
76 110
83 116
92 342
11
58 54
59 32
61 102
65 20
72 204
73 216
74 114
75 200
80 425
90 280
91 252
8
62 102
65 63
70 140
72 128
75 57
79 115
82 156
92 36
9
63 60
65 8
68 220
77 80
83 312
87 180
89 608
92 35
94 259
10
59 4
69 66
71 260
74 128
78 280
86 140
90 544
92 170
95 592
98 600
5
64 85
84 350
88 377
96 555
97 570
11
61 13
69 18
73 156
75 270
80 260
81 147
84 240
91 248
93 660
95 455
96 504
6
67 84
80 95
85 24
90 145
91 90
95 170
11
69 112
71 144
72 10
74 36
79 204
80 324
82 220
85 115
87 150
95 462
99 592
12
64 1
65 32
67 44
76 208
77 84
81 90
88 425
90 324
96 396
97 68
98 210
99 648
10
73 9
76 144
78 14
82 54
89 300
90 286
91 243
92 448
93 58
97 33
8
67 2
77 132
78 208
82 187
86 42
87 418
88 184
97 96
11
77 66
78 12
79 39
80 266
82 320
83 17
84 108
85 247
88 264
95 116
96 240
6
70 48
78 11
80 234
86 57
92 325
99 96
8
71 57
82 84
84 272
85 170
88 360
91 253
95 54
99 620
9
76 14
81 12
85 64
86 102
87 234
93 192
95 260
96 378
98 58
9
74 32
75 10
83 91
84 140
85 210
86 80
89 19
93 460
96 416
5
75 24
82 77
86 195
90 152
95 408
6
73 3
75 54
76 80
83 165
86 168
89 340
8
75 8
79 72
80 119
83 30
87 154
95 418
96 207
97 216
4
86 120
95 357
96 308
98 216
7
77 14
79 16
85 190
88 234
89 84
93 252
95 100
4
84 48
93 306
98 242
99 184
9
81 36
82 30
83 18
84 126
89 240
91 42
96 228
98 231
99 396
8
79 13
84 60
88 130
90 48
92 84
93 165
94 112
98 320
8
82 30
85 30
86 77
89 200
91 60
92 130
95 320
98 361
5
82 20
84 16
89 171
95 195
98 288
2
97 16
85 20
6
83 19
85 18
86 48
88 84
92 180
95 130
8
84 8
85 24
87 80
88 45
90 119
92 63
93 100
98 195
5
85 1
88 16
90 48
97 52
99 180
4
89 64
92 42
95 100
96 209
2
94 144
95 144
3
92 45
93 60
96 135
4
91 3
93 55
94 72
96 104
5
92 9
93 12
94 15
96 42
97 80
2
95 15
97 84
2
93 20
96 30
2
94 36
96 64
3
94 4
97 72
98 30
2
95 4
99 5
2
97 28
98 60
2
99 54
98 26
2
98 3
99 12
1
99 16
0