100
14
4 24
7 63
8 48
13 260
14 140
20 380
21 420
23 276
26 286
28 336
33 363
34 204
35 70
37 555
8
4 21
5 56
13 228
18 187
25 360
32 124
37 144
40 312
10
3 18
6 44
9 105
10 128
16 28
19 136
29 243
33 372
34 64
35 33
12
16 78
17 14
19 160
22 19
24 63
27 336
28 175
29 130
33 450
37 476
38 315
42 780
8
15 143
21 102
22 126
26 66
27 414
29 225
34 540
41 703
8
6 6
10 15
11 108
28 437
37 256
39 374
42 444
43 38
8
7 14
15 27
16 170
17 11
21 255
26 140
32 130
37 496
7
8 9
14 42
22 300
24 34
41 442
42 490
45 342
15
10 28
11 45
14 42
20 96
21 156
25 17
26 36
30 374
35 135
40 192
41 462
42 442
44 504
45 518
48 440
10
15 96
18 27
21 36
24 75
27 216
30 378
36 459
43 612
45 180
46 222
9
16 102
17 21
19 90
24 28
27 102
32 264
38 308
41 372
48 570
9
17 72
22 209
23 96
26 180
29 288
30 228
45 170
48 703
51 400
6
14 10
26 238
28 160
31 323
37 375
44 640
12
18 30
20 119
22 135
23 90
25 156
26 117
28 30
36 414
42 145
47 170
50 370
51 190
11
17 48
25 220
27 221
33 361
34 140
35 147
37 69
41 324
42 532
47 330
51 296
6
17 14
20 80
31 112
32 170
49 510
55 800
11
18 40
19 51
20 24
23 28
26 170
32 272
33 85
35 247
47 589
51 420
54 38
7
20 18
22 55
34 323
35 360
38 168
44 486
53 720
12
21 18
22 56
25 28
26 112
28 20
34 96
35 119
40 286
42 288
45 189
48 510
55 37
10
24 5
26 119
27 16
31 12
34 195
35 96
36 51
48 290
51 608
58 351
11
21 5
23 18
31 55
34 182
35 105
39 38
46 260
50 60
54 34
56 108
58 684
9
35 168
37 272
39 288
41 260
42 105
47 520
51 60
54 363
57 396
7
24 8
33 110
36 182
44 330
45 115
46 72
54 352
17
27 8
29 24
30 56
31 80
32 126
37 210
42 152
43 80
46 184
48 475
52 406
55 256
58 665
59 216
60 555
62 546
63 520
7
26 26
27 6
47 391
50 104
55 155
56 128
59 700
9
35 80
36 121
42 272
46 189
49 168
51 52
55 240
62 666
63 76
12
35 72
37 132
38 168
39 130
47 189
50 264
56 300
58 416
62 396
63 148
64 456
65 507
13
29 18
31 44
32 90
34 63
35 120
42 120
45 342
55 560
58 310
59 192
61 646
64 370
66 468
7
40 144
41 169
43 210
56 476
57 348
60 320
64 432
11
31 30
35 6
39 150
49 40
50 315
51 154
52 115
54 450
56 351
58 580
66 444
11
33 42
37 14
40 170
43 130
46 256
47 68
52 110
58 392
62 608
67 222
70 520
7
45 238
48 34
51 260
59 140
61 450
62 465
68 666
5
38 36
40 72
47 210
53 84
66 170
9
36 30
47 266
49 320
51 198
52 361
59 234
60 540
63 270
71 570
9
43 117
48 126
49 150
50 176
51 170
60 104
66 416
68 374
72 76
10
36 2
38 27
40 5
44 54
45 70
46 176
51 80
55 180
65 360
68 627
12
37 5
43 77
51 180
52 320
55 114
59 437
61 450
63 432
67 372
70 170
73 703
76 120
5
56 266
58 273
61 24
63 26
77 320
8
41 24
44 42
49 154
50 240
55 102
57 361
76 342
78 160
10
47 88
48 81
53 280
55 48
64 150
65 338
68 203
71 288
73 476
79 640
7
47 105
48 24
52 228
54 98
63 207
71 186
73 198
13
44 57
47 66
48 56
49 32
51 30
56 210
61 360
68 216
70 116
72 186
74 627
76 175
81 120
10
43 13
44 24
47 25
48 30
54 72
60 198
64 374
65 253
69 135
82 720
8
45 2
51 80
64 378
67 144
69 416
74 93
75 608
80 407
5
61 119
63 152
65 273
67 207
83 663
13
46 20
47 14
53 88
55 30
57 12
58 221
59 56
60 195
66 126
74 435
77 608
80 595
84 39
14
49 54
54 56
57 99
58 36
59 117
61 225
65 57
67 378
68 264
72 468
76 270
78 128
79 561
85 390
12
49 12
50 42
51 20
57 140
60 208
62 195
66 247
70 23
73 52
79 512
82 560
87 200
8
51 24
61 26
67 76
69 21
72 216
74 52
76 84
80 192
10
60 44
63 182
64 60
74 100
75 104
76 270
79 60
81 96
87 494
89 200
10
60 40
61 220
64 252
71 84
72 110
78 504
80 510
82 288
85 525
88 608
6
58 77
61 100
66 90
73 88
77 416
84 561
6
61 27
73 84
74 66
86 136
88 324
92 520
9
54 17
59 96
64 154
66 26
69 320
70 272
80 513
85 320
89 216
8
59 45
71 340
76 66
78 72
86 608
87 264
93 39
94 160
12
64 135
65 190
69 140
73 72
74 209
76 357
77 440
78 276
82 135
87 160
89 340
92 185
9
63 49
67 66
74 342
78 264
80 144
83 162
85 319
89 363
95 390
14
58 12
60 18
65 56
69 204
70 156
72 150
74 34
76 380
82 200
83 182
85 252
88 62
95 494
96 39
10
64 72
69 66
72 140
80 44
81 184
84 416
87 377
91 231
94 324
98 120
13
61 38
68 108
69 170
73 14
76 153
77 234
78 247
80 294
83 96
90 465
96 444
97 494
99 360
7
63 42
66 6
72 12
83 23
87 351
90 240
95 245
12
62 10
63 18
65 24
68 7
69 24
79 162
83 176
86 50
88 351
90 377
96 490
97 396
6
65 45
76 56
88 26
95 66
96 612
98 576
14
64 11
73 80
77 56
79 16
80 85
82 95
85 396
87 120
90 27
91 168
92 261
93 420
95 160
99 216
10
69 50
70 24
73 36
74 180
83 228
88 120
91 108
92 252
95 279
96 192
7
70 95
73 160
76 220
80 60
86 210
98 297
99 204
11
67 7
68 14
70 24
71 80
72 102
78 72
82 256
88 440
89 138
92 52
95 377
6
72 5
75 56
78 132
84 119
85 216
87 80
7
70 26
78 20
80 204
82 266
88 240
92 96
96 504
7
72 3
76 42
84 90
88 266
92 253
97 140
99 510
9
75 85
76 108
79 162
81 121
90 220
91 378
93 253
97 108
99 406
6
72 5
83 156
85 224
92 84
93 44
97 156
11
73 13
75 39
76 64
78 102
79 7
81 180
83 11
86 168
88 32
92 80
99 297
2
88 210
80 63
8
80 84
85 11
87 26
88 168
89 90
91 221
93 323
97 138
3
77 36
78 39
85 40
8
83 105
84 104
88 84
90 280
92 16
95 57
96 340
98 198
2
79 28
82 60
5
82 52
92 112
94 176
95 136
99 273
5
81 40
90 176
93 252
94 225
97 342
4
89 153
91 132
96 240
98 252
4
82 12
88 7
96 15
98 34
4
87 20
93 220
94 48
99 85
6
85 12
86 3
87 44
88 20
90 98
95 12
6
85 4
86 20
91 28
94 140
95 154
96 120
2
87 30
98 195
3
94 88
96 200
98 24
2
89 10
93 6
5
90 34
91 15
93 35
94 48
97 171
2
92 42
97 128
2
94 4
96 42
2
92 1
97 108
2
98 84
96 40
2
95 18
96 15
2
98 68
99 30
2
97 24
98 36
2
97 13
99 30
2
98 4
99 14
1
99 11
0