100
15
1 12
7 126
10 120
12 72
13 182
14 28
15 210
16 144
17 170
20 280
23 161
29 232
30 390
37 555
40 160
12
2 13
7 66
15 210
19 198
24 253
25 384
28 459
31 150
32 372
35 34
36 490
38 481
11
7 50
10 104
11 54
15 26
18 160
19 187
22 160
25 437
29 162
32 180
37 385
12
4 6
6 15
7 56
8 85
14 198
15 48
18 15
21 162
26 391
32 319
38 630
43 480
15
5 2
6 26
11 140
12 56
14 180
18 112
20 288
26 264
28 432
29 425
33 377
34 180
39 420
42 570
44 120
7
6 14
11 54
21 272
22 187
25 380
27 44
30 300
5
11 5
28 440
33 162
38 32
43 444
10
8 9
11 64
16 180
25 162
26 380
27 100
30 69
32 25
44 333
47 440
8
11 6
14 30
18 110
19 209
20 216
21 221
27 152
43 420
11
10 2
17 56
21 120
24 30
35 208
36 486
37 224
40 186
42 561
44 665
47 646
15
12 28
14 16
18 48
19 63
20 80
22 48
25 180
26 112
36 156
38 336
39 203
42 224
45 560
47 407
50 440
8
15 60
20 81
25 126
28 204
29 144
37 286
40 232
43 352
6
14 36
20 104
25 234
26 140
49 37
52 400
10
14 10
15 36
21 56
25 48
28 180
33 220
35 154
48 630
50 407
51 418
8
19 65
20 30
21 7
26 132
31 136
44 150
51 481
54 80
13
16 12
18 12
22 7
26 198
27 24
30 285
35 180
39 480
40 125
46 217
48 396
50 385
55 400
8
18 12
19 33
21 40
24 48
35 342
38 132
42 312
46 420
14
21 56
23 72
25 152
28 198
29 96
39 308
41 360
43 468
44 243
45 448
50 660
51 102
52 245
54 370
11
19 3
22 72
27 36
28 160
31 221
34 240
49 620
50 32
51 165
54 540
56 494
9
23 52
24 40
32 117
33 126
34 30
36 340
37 180
40 147
46 81
16
21 3
22 14
24 56
26 84
28 112
29 72
33 182
34 112
37 153
40 360
45 200
49 58
53 132
56 612
59 156
60 560
14
22 14
23 38
24 24
30 162
33 204
39 360
41 400
43 264
45 360
48 54
50 261
51 90
53 256
59 760
10
24 22
26 20
29 133
30 80
34 216
40 180
42 180
45 161
53 310
55 660
12
31 120
32 27
33 90
34 22
35 96
42 323
51 140
52 406
55 512
56 99
57 510
58 630
13
26 12
30 30
33 36
35 209
36 96
37 104
44 260
46 22
49 350
50 442
51 216
54 60
62 608
7
34 45
36 143
38 13
46 378
55 510
58 330
59 272
9
31 80
37 220
38 84
39 65
40 42
46 80
53 324
60 306
64 38
9
36 18
39 108
41 84
45 234
49 220
54 54
63 396
64 555
67 120
8
31 9
36 144
38 120
39 165
42 98
45 17
48 260
67 702
7
31 30
39 120
40 132
43 42
51 220
62 297
66 592
9
47 119
50 360
53 23
54 336
58 224
59 145
64 340
66 144
68 152
5
35 68
37 108
64 264
65 272
66 595
12
36 44
43 220
44 36
50 90
52 60
53 42
58 104
60 112
64 608
65 330
68 684
70 152
12
34 18
36 33
38 5
40 7
42 99
43 170
47 140
57 216
63 540
66 528
71 722
72 468
11
44 20
46 72
47 26
48 56
51 153
54 200
57 23
58 96
59 200
61 108
74 640
6
39 48
48 91
50 270
51 32
54 361
69 510
10
39 60
41 30
43 133
49 52
55 228
64 448
65 29
66 510
68 32
73 407
7
38 18
39 2
45 136
53 176
56 19
69 288
74 629
8
42 8
43 90
52 224
53 120
57 114
61 322
71 198
75 370
10
41 6
42 36
44 40
45 36
47 88
53 98
63 144
66 54
76 37
78 351
13
42 18
46 12
56 288
58 360
59 380
66 416
67 459
69 319
70 180
71 310
72 192
75 245
80 560
8
44 12
53 108
59 270
62 294
67 104
68 540
73 512
74 264
9
45 9
48 108
53 55
54 120
57 15
59 17
63 42
64 66
77 280
13
44 11
45 14
48 10
51 104
53 170
56 91
63 300
65 88
66 69
67 408
71 560
72 406
80 111
4
45 12
51 42
55 33
69 175
10
46 14
54 72
58 13
59 126
62 170
68 322
71 130
73 504
80 350
83 228
7
49 36
61 270
65 114
70 360
78 96
80 544
83 407
7
53 114
66 342
73 78
74 378
76 435
79 96
80 99
10
49 4
54 72
62 14
65 221
67 266
72 480
73 175
78 30
80 416
83 455
13
50 19
54 75
59 160
62 130
64 270
68 304
72 207
74 375
76 162
78 145
79 120
83 204
86 333
9
62 48
63 13
66 48
69 228
72 220
86 324
87 703
88 456
89 468
9
57 48
58 119
65 280
71 200
79 56
81 30
82 465
90 351
91 80
8
58 108
62 70
63 11
68 288
69 221
70 180
89 370
90 456
10
64 77
66 247
70 34
77 480
82 87
83 390
85 480
87 374
89 396
91 570
10
57 12
61 21
63 144
64 40
67 78
79 25
80 416
81 27
86 32
88 102
10
58 36
62 133
65 90
73 108
75 140
79 360
80 350
84 319
85 180
88 99
11
57 6
59 12
62 114
63 56
68 156
76 180
81 350
84 336
86 510
87 341
88 448
8
60 60
65 152
70 130
74 170
77 40
85 476
86 290
93 36
11
63 55
64 60
70 36
75 102
81 276
82 264
83 225
87 551
90 192
95 592
97 780
7
62 42
64 75
84 350
88 580
94 455
96 703
99 80
12
61 17
65 85
70 160
72 120
79 190
82 198
83 46
89 174
92 256
93 528
96 72
97 37
8
70 36
72 121
75 98
76 135
80 152
84 161
91 390
97 324
7
63 14
67 70
69 91
76 252
77 255
81 380
87 150
6
67 16
68 90
70 91
76 91
80 153
87 240
9
65 18
66 16
73 162
75 55
79 180
83 323
85 273
97 330
99 385
13
68 24
70 75
72 77
76 154
78 247
79 28
82 323
83 36
86 378
91 364
95 210
98 330
99 68
8
70 80
71 10
74 144
76 20
78 180
84 288
90 360
95 145
7
73 36
76 81
83 208
85 288
86 95
95 364
97 540
11
74 60
75 140
79 77
83 30
84 144
87 323
89 315
90 418
92 144
94 468
95 216
5
76 28
82 52
88 19
91 44
98 464
10
74 48
75 50
78 152
79 108
80 130
81 110
84 280
90 260
94 360
96 234
4
77 36
85 210
87 272
92 147
6
78 6
86 42
91 285
93 399
97 125
98 156
8
74 4
78 20
82 27
83 140
84 88
86 39
93 300
96 276
10
79 10
81 140
83 36
86 228
88 224
89 300
93 361
94 380
97 138
98 360
5
76 8
85 140
89 280
91 240
96 273
6
84 152
86 20
90 182
91 285
93 340
95 361
3
78 18
96 38
97 120
2
83 45
86 96
5
81 34
89 20
90 198
91 72
98 228
4
81 2
86 72
91 154
92 12
7
82 5
83 18
84 30
88 21
89 120
95 252
97 16
5
86 32
88 120
94 96
95 130
97 135
5
85 20
87 32
93 90
95 156
98 75
3
90 18
92 136
96 48
2
86 7
97 204
2
91 70
97 165
2
93 72
96 63
2
96 152
93 50
3
93 48
95 36
97 56
3
94 64
97 98
98 152
2
94 24
99 160
2
99 77
94 8
2
98 100
96 6
2
96 24
99 80
2
99 60
98 57
2
98 32
97 1
2
98 17
99 26
1
99 13
0