100
10
5 70
6 90
8 32
9 108
10 190
20 260
23 138
24 168
26 312
35 700
15
6 65
9 136
10 153
11 140
19 180
22 210
25 192
26 100
31 180
32 310
33 256
34 132
35 204
40 468
41 480
15
6 36
9 21
11 135
12 180
13 187
15 208
16 182
20 54
23 168
29 297
30 28
35 297
37 140
38 720
41 195
8
4 11
6 12
12 27
28 25
30 81
31 448
34 527
37 510
7
5 13
10 6
11 126
15 121
22 54
26 286
30 156
14
7 18
8 12
9 56
11 120
12 112
14 126
20 45
24 266
27 374
29 456
31 390
35 60
40 140
45 80
10
10 36
13 112
14 80
24 324
28 154
29 299
38 32
39 330
40 374
46 280
9
15 32
16 153
23 176
27 220
28 126
29 22
40 660
42 525
46 312
5
10 16
14 54
33 200
40 384
45 703
14
11 34
16 133
17 72
19 40
20 66
27 252
30 189
35 286
39 120
40 527
41 320
43 170
44 175
46 629
11
13 48
14 60
15 10
27 170
28 306
30 140
37 54
38 560
41 558
44 476
48 494
8
17 18
19 16
23 108
27 320
31 300
34 460
49 494
50 429
11
14 8
16 40
25 104
26 154
29 238
33 315
38 286
39 351
40 28
41 580
45 561
10
17 40
19 30
21 24
28 75
29 320
35 440
37 96
38 175
40 378
42 290
2
17 12
41 378
6
25 80
26 88
32 170
45 180
51 504
52 740
11
25 36
33 204
34 216
35 323
37 147
40 168
47 620
48 640
51 245
53 222
55 624
7
20 30
22 5
31 70
35 324
40 437
53 324
54 592
9
30 132
31 78
33 30
36 162
40 154
42 408
48 240
55 666
58 200
8
20 15
31 204
34 105
36 170
38 95
40 147
44 25
56 666
6
25 70
28 136
51 341
52 96
53 594
55 420
8
24 60
30 45
40 247
44 368
47 156
48 270
50 319
55 646
12
25 3
28 12
36 168
38 288
43 126
45 391
46 312
51 29
54 32
56 272
58 432
62 760
11
28 25
29 84
31 128
32 126
36 247
40 136
41 270
42 304
44 126
48 275
56 198
6
25 7
28 40
42 72
56 448
57 330
60 648
8
30 100
31 42
37 108
42 187
45 180
48 207
49 120
50 125
12
34 72
36 60
38 192
44 198
49 207
52 494
54 196
57 465
59 165
64 228
65 156
66 760
12
28 14
33 66
35 152
37 110
41 168
45 36
47 240
49 154
52 25
56 261
60 627
65 114
11
31 27
42 84
43 150
49 294
52 480
53 250
58 300
61 66
62 578
64 684
68 160
9
30 5
33 4
34 60
50 210
54 125
59 210
61 480
63 340
64 280
7
33 48
46 256
49 361
50 300
51 210
65 70
69 78
13
33 30
35 20
37 30
44 130
49 162
51 120
53 242
57 494
59 168
60 319
62 248
70 585
71 80
14
38 12
41 81
45 182
46 252
49 170
55 138
56 72
57 375
60 112
61 435
68 432
69 666
71 78
72 160
13
35 22
39 54
41 136
43 80
44 99
54 399
56 46
59 520
63 240
64 186
66 297
71 266
73 600
11
35 4
37 21
41 119
47 52
53 304
55 21
61 324
63 493
69 105
70 648
74 720
10
39 60
42 14
43 32
49 182
52 289
57 374
59 312
64 232
71 576
72 37
11
41 45
47 165
50 84
53 306
55 114
58 440
61 100
62 520
63 108
66 300
76 760
11
46 63
48 66
55 162
60 230
62 300
65 476
68 124
69 320
71 204
72 245
75 760
9
42 72
46 72
54 48
67 174
72 442
74 72
75 703
76 418
78 200
14
40 19
41 12
42 18
43 36
44 20
50 77
53 196
54 270
59 300
60 189
62 460
63 48
73 238
74 455
4
50 180
51 11
66 286
73 33
8
42 13
60 247
65 24
67 390
70 116
74 627
77 612
80 507
10
43 2
46 36
47 20
50 136
51 171
53 209
55 52
57 180
75 594
78 468
15
48 10
49 66
50 119
52 72
54 11
57 28
60 68
64 105
73 270
74 124
78 385
79 288
80 148
81 722
83 560
10
47 27
48 48
53 72
54 20
57 130
69 225
71 486
73 145
75 31
81 703
8
47 40
50 70
51 54
55 190
59 266
62 187
70 275
85 280
8
48 8
59 143
60 168
64 360
65 38
69 345
72 286
81 420
11
51 80
58 209
64 204
65 342
68 126
72 425
74 378
76 29
82 140
86 351
87 520
8
54 54
55 70
64 240
71 460
74 520
75 162
83 35
88 480
13
53 52
54 95
55 24
57 120
60 33
62 260
64 150
65 288
68 57
70 84
80 62
81 32
89 640
17
54 28
56 114
57 56
60 10
61 99
70 160
71 273
72 396
75 450
77 189
80 30
81 403
82 576
83 660
84 238
86 72
90 40
9
56 80
57 96
61 40
62 187
64 143
65 112
68 323
76 250
83 224
8
57 55
62 150
70 324
78 390
79 297
81 406
84 608
91 585
12
59 30
61 40
62 90
63 40
68 150
69 288
70 85
73 40
74 336
76 138
78 200
88 245
11
55 2
59 65
61 49
65 33
68 224
74 380
76 66
84 540
87 594
88 476
90 504
13
56 10
57 14
59 44
64 171
68 182
69 224
74 95
77 220
80 50
81 468
84 87
86 496
94 156
9
58 18
59 42
69 195
71 105
72 224
75 133
86 510
89 429
92 576
7
58 14
66 126
76 190
84 243
88 465
92 630
93 360
10
60 36
67 108
69 176
86 196
88 30
89 93
90 480
92 34
94 36
95 185
14
60 2
62 54
64 60
69 190
74 165
75 288
81 176
82 299
84 475
87 140
88 203
97 152
98 234
99 720
8
62 2
66 96
69 72
74 280
79 38
83 414
91 589
93 495
10
69 96
72 11
78 51
80 342
82 273
88 81
92 434
93 576
96 595
98 703
10
64 28
66 68
70 120
84 396
85 161
90 112
91 290
92 450
94 160
96 476
8
68 50
70 42
79 16
80 34
82 190
86 69
94 589
95 64
8
65 4
67 45
72 104
76 204
90 78
92 504
93 522
99 490
9
68 27
71 96
74 108
76 77
85 180
87 220
89 48
92 432
99 476
9
67 19
68 40
69 57
70 20
71 60
73 91
77 176
87 231
92 416
6
73 48
74 35
76 99
78 220
95 504
96 580
5
79 22
80 24
83 165
86 288
96 112
11
74 30
75 12
80 176
84 270
85 16
86 102
87 108
88 19
89 360
96 486
99 330
4
78 144
90 380
95 450
99 551
9
74 3
79 104
82 121
88 340
93 154
95 432
96 450
97 52
99 84
6
73 14
74 2
86 28
89 289
93 63
98 286
7
86 195
88 210
90 34
92 304
93 240
97 264
99 494
4
76 28
84 110
93 304
98 192
4
76 9
83 80
86 154
90 75
2
83 70
98 352
3
78 8
80 15
91 280
3
80 20
93 210
94 144
6
81 36
82 54
85 66
90 11
95 256
97 288
5
81 9
83 57
84 48
90 150
98 252
5
85 36
90 72
91 60
92 110
95 14
5
84 34
88 24
89 14
94 120
99 17
5
88 5
92 27
93 90
95 168
99 96
3
86 38
94 10
98 196
3
86 2
88 9
98 260
7
88 28
90 4
91 30
92 102
93 21
94 136
99 117
3
94 98
95 80
99 144
6
91 12
92 44
93 50
96 144
97 171
98 190
5
91 38
93 76
94 100
95 90
97 136
2
94 44
96 96
2
97 66
94 33
2
98 96
99 35
2
97 12
99 36
2
96 8
99 35
2
99 44
98 39
2
98 22
99 3
2
99 30
98 18
1
99 15
0