100
8
6 108
8 160
12 132
13 117
15 60
24 240
36 432
38 570
11
13 144
16 210
17 256
19 360
22 294
24 276
25 240
29 392
36 560
38 148
41 280
8
5 12
8 78
13 176
16 168
28 364
29 81
30 560
41 39
13
10 140
11 128
12 72
16 143
22 228
24 336
25 330
26 230
32 174
33 60
38 595
39 396
42 234
7
5 13
9 10
21 187
23 209
34 240
39 385
40 720
15
7 38
8 39
11 36
13 80
14 135
18 13
19 238
23 216
26 357
28 368
33 112
39 442
40 70
42 629
44 156
13
8 16
11 25
13 49
15 90
16 20
18 12
19 26
20 98
28 308
30 336
32 286
37 248
45 78
9
9 14
19 72
24 102
25 324
35 168
37 570
38 372
42 315
44 444
11
12 12
13 100
14 12
15 49
17 27
24 160
25 255
27 247
29 189
32 48
41 264
11
10 19
19 100
20 143
24 165
26 238
28 209
37 308
42 660
43 136
45 720
49 800
13
11 18
13 9
14 24
20 30
26 48
28 90
32 352
35 250
43 297
45 525
46 36
48 418
50 360
12
14 24
15 48
17 36
19 96
23 96
25 154
26 180
31 140
32 126
38 108
45 510
51 640
7
19 35
21 117
32 400
33 63
37 250
42 450
45 198
9
17 72
20 21
22 162
32 57
33 300
34 378
39 468
42 319
52 663
6
17 51
18 68
26 36
39 150
45 496
52 418
11
23 32
29 224
32 136
34 266
35 160
36 399
42 405
45 90
47 576
50 175
53 722
11
17 8
18 10
24 152
28 180
33 68
38 198
41 500
45 232
49 264
55 546
56 280
12
18 4
19 40
21 64
32 210
33 80
34 289
35 288
39 176
45 560
47 600
52 665
57 560
12
19 8
25 105
34 320
35 306
37 76
38 360
48 360
52 646
54 540
56 304
57 117
58 520
11
24 100
26 21
27 48
33 112
34 135
36 238
39 60
43 264
46 540
52 198
55 324
14
21 7
25 35
27 49
33 65
34 168
35 45
37 323
43 184
47 513
50 120
51 341
52 64
54 680
58 304
10
22 13
23 4
31 20
32 110
33 156
39 180
44 23
45 384
51 360
57 360
8
27 75
34 24
38 112
39 68
44 396
55 297
59 148
62 80
12
24 13
26 12
27 4
32 72
35 156
45 220
46 92
47 168
50 270
51 336
59 504
62 429
11
27 6
35 220
40 64
45 336
47 299
48 264
53 232
54 180
55 434
58 102
62 608
14
32 70
33 136
36 121
38 234
41 48
42 85
48 253
49 336
56 93
57 256
58 99
60 175
61 108
64 780
9
32 42
36 70
37 220
43 340
44 18
47 420
51 350
55 232
57 62
6
31 44
32 85
36 81
45 36
57 450
62 105
9
33 60
34 6
36 104
37 81
54 442
56 28
64 324
66 38
68 760
11
31 20
35 48
40 77
41 84
45 320
47 252
53 168
55 312
62 165
67 646
69 120
9
31 1
33 30
34 72
45 15
49 247
50 180
65 350
67 407
69 78
13
33 22
36 15
37 120
39 8
43 228
44 260
47 288
48 340
54 460
61 210
66 70
67 180
68 703
12
37 90
39 140
44 168
46 56
47 180
49 136
57 350
58 442
62 240
67 525
68 720
72 760
11
34 14
39 60
40 63
43 20
46 169
50 136
51 252
52 361
54 189
60 162
63 210
13
36 32
39 65
45 176
47 65
51 170
52 360
60 364
62 84
64 510
68 544
70 720
71 555
74 680
8
38 9
42 35
43 80
44 81
47 156
48 26
64 145
73 38
6
40 8
41 50
46 180
64 308
65 348
69 33
10
39 24
42 65
44 21
58 105
59 44
63 312
67 30
68 248
69 544
77 520
9
43 100
50 192
57 152
60 110
62 432
66 336
67 203
69 558
72 102
6
42 48
49 110
54 180
74 35
78 390
79 720
11
45 35
48 160
55 255
61 21
66 78
72 96
73 462
74 476
76 612
79 273
80 680
12
43 22
45 80
51 180
53 216
60 228
66 200
68 297
74 429
76 700
78 222
79 152
81 760
10
51 45
52 40
60 288
61 209
63 294
69 378
78 504
80 760
81 312
82 40
9
52 126
55 36
60 289
62 57
67 144
68 50
70 135
71 336
80 407
16
48 24
50 78
51 105
53 18
59 210
61 85
62 198
64 100
65 378
66 176
67 368
68 456
69 175
72 532
73 145
82 228
8
46 19
47 20
53 96
60 270
62 255
71 156
76 248
79 340
14
47 15
49 24
51 65
52 36
53 133
60 280
63 221
64 234
69 437
72 130
76 150
77 620
79 132
83 296
10
50 57
52 50
57 80
62 240
64 51
74 135
81 340
82 595
84 592
87 680
5
50 40
66 144
79 403
85 740
86 190
8
51 34
55 42
56 98
61 168
62 234
68 76
70 273
86 703
10
51 12
53 36
54 32
58 112
70 60
77 81
79 203
81 465
88 532
90 440
13
53 6
55 40
65 266
68 204
71 60
72 21
76 200
80 145
82 186
83 448
84 495
88 629
91 440
7
53 20
59 84
62 180
73 273
77 325
78 520
90 456
7
64 143
70 255
75 176
78 225
84 620
87 34
92 390
8
56 24
64 10
65 187
67 91
73 380
77 322
78 360
94 80
13
58 42
60 50
61 48
64 108
66 11
69 42
72 340
78 184
80 100
82 135
84 261
88 429
92 666
16
57 7
60 72
63 98
64 144
67 44
69 195
72 80
77 357
82 338
83 351
87 341
89 264
91 595
92 432
93 518
96 160
12
62 100
65 48
69 108
74 17
76 76
77 60
79 264
82 175
87 150
91 646
92 105
93 252
12
60 2
61 24
63 40
65 7
72 280
77 19
78 380
79 21
82 288
83 350
90 576
93 245
12
60 2
61 2
65 30
74 165
77 198
80 273
82 368
84 125
86 486
90 496
92 66
96 666
6
75 105
79 266
81 357
89 203
95 175
98 570
9
65 12
67 102
69 88
71 10
72 198
74 234
75 56
95 136
96 700
17
66 76
67 90
68 72
69 112
76 70
78 240
79 153
80 36
81 361
83 63
84 264
87 375
94 576
95 297
96 680
97 140
98 216
11
64 4
66 54
67 40
69 78
73 160
74 55
76 143
79 112
80 68
83 220
92 58
9
65 11
66 34
73 72
74 110
76 180
89 225
93 435
97 495
98 34
9
71 78
72 133
73 96
75 170
79 168
88 253
94 464
95 300
96 31
8
68 18
69 57
75 81
82 32
84 216
89 437
97 341
98 448
8
68 16
79 96
83 272
84 136
86 114
88 399
89 198
92 150
5
70 32
71 15
72 12
89 420
95 162
9
70 16
80 209
83 168
85 288
88 38
90 273
91 44
95 442
98 406
8
74 16
75 60
81 22
83 195
85 105
94 96
96 260
97 378
9
76 5
79 40
80 72
86 195
88 34
90 304
91 160
93 132
96 125
4
84 84
88 160
92 140
96 72
5
82 90
84 165
90 221
93 80
95 44
8
76 14
78 28
79 90
85 99
88 182
93 266
94 20
97 46
4
76 5
80 30
84 162
94 323
6
78 8
79 27
82 72
91 225
94 198
96 140
6
84 63
86 45
87 100
92 30
94 170
95 54
5
82 60
87 54
91 234
93 135
98 80
6
80 9
82 36
84 95
85 66
86 112
98 380
3
91 209
92 228
96 144
4
89 48
91 200
95 238
96 120
4
85 3
87 40
88 60
92 40
5
88 15
89 60
95 84
96 156
98 105
5
86 22
90 78
91 133
92 136
95 110
3
92 21
93 136
98 247
1
90 68
4
91 28
92 20
94 42
98 187
3
90 8
91 39
96 48
4
90 16
91 2
93 4
96 56
2
92 26
97 91
2
97 108
94 36
2
93 5
94 8
2
94 16
95 12
2
98 32
95 9
2
97 34
98 24
1
97 15
1
98 6
0
0