100
9
4 44
6 108
11 44
22 418
23 115
27 351
28 196
29 290
36 324
10
2 18
3 36
4 15
9 72
18 136
22 189
27 364
33 96
38 444
39 380
10
4 28
12 180
16 210
19 85
24 110
27 100
30 448
33 372
35 462
42 520
10
17 266
20 187
22 380
29 286
30 378
32 435
34 310
36 495
38 525
40 518
13
5 10
7 57
13 54
18 196
20 304
29 300
31 351
39 140
40 324
41 370
42 342
43 234
44 480
16
6 1
7 14
10 60
12 63
15 20
16 209
17 216
19 112
21 48
26 399
28 69
29 96
31 182
33 196
40 350
43 646
10
13 42
16 120
17 44
30 456
33 297
35 522
42 612
43 444
44 266
45 429
9
10 42
13 72
14 7
20 65
26 76
32 50
37 180
40 627
43 360
11
16 48
18 150
23 90
24 128
25 85
29 105
33 425
34 468
37 232
39 496
46 114
12
19 70
21 108
25 304
27 360
29 240
31 220
34 475
35 286
37 448
38 319
39 390
48 390
12
17 119
19 99
21 143
24 42
26 160
27 221
31 357
33 414
35 350
39 493
42 352
45 210
11
12 13
21 120
22 198
23 144
27 32
34 368
36 350
38 351
42 527
45 578
51 360
12
19 84
23 66
24 228
25 221
27 300
32 100
35 391
36 168
39 81
41 551
44 288
46 68
14
14 7
15 18
19 108
21 72
24 220
27 112
29 160
30 17
32 114
38 225
40 81
41 196
46 660
49 648
8
20 72
21 56
22 48
23 108
27 91
45 155
47 495
53 390
10
17 20
21 102
22 14
26 66
31 96
39 408
43 28
44 522
50 560
52 407
9
20 72
23 70
24 48
25 63
27 99
40 384
48 128
51 630
54 418
11
26 72
28 176
30 39
32 210
34 17
35 270
48 310
49 288
50 528
52 315
54 407
14
21 3
22 80
24 108
25 56
28 150
31 65
32 252
39 126
42 480
47 377
54 504
55 481
57 117
58 160
9
26 84
27 80
28 162
30 154
32 13
40 105
46 108
48 522
57 342
11
29 99
31 99
37 153
39 38
40 260
42 396
46 130
50 600
56 72
59 390
60 160
9
23 34
30 117
38 17
42 168
43 286
52 341
54 33
58 592
60 156
16
24 32
25 54
26 72
27 75
29 105
31 126
37 210
40 342
41 133
48 130
49 405
50 448
55 330
56 442
58 180
61 195
12
25 26
28 25
31 24
34 176
38 210
43 60
46 322
47 120
49 26
52 87
57 476
61 684
9
25 3
27 33
35 198
36 216
39 105
44 240
54 540
59 210
63 663
17
30 90
31 120
33 88
34 171
42 102
44 152
46 105
47 286
48 138
50 425
54 464
56 279
58 627
59 102
60 315
61 576
63 114
11
27 18
28 14
37 88
40 196
42 224
45 114
46 140
52 260
53 135
62 540
66 240
8
30 60
31 28
35 80
42 195
48 420
52 400
55 476
58 62
10
31 24
38 190
39 154
41 104
45 221
50 374
54 260
57 58
58 330
65 407
11
31 30
33 64
35 42
38 36
53 168
55 130
58 493
60 558
62 561
64 490
65 360
9
31 12
32 10
43 234
44 84
47 17
55 275
60 180
61 186
65 665
14
33 18
37 42
40 90
41 90
42 22
43 72
46 255
48 17
51 340
53 242
61 150
63 256
68 333
70 663
11
33 5
34 2
38 24
39 35
56 288
57 25
59 297
61 145
66 136
67 245
70 76
7
40 77
46 78
51 126
55 198
57 408
63 240
72 273
5
38 72
43 171
44 200
51 255
57 368
9
36 12
46 121
51 208
56 399
59 408
60 450
62 297
67 256
71 288
6
40 60
46 70
54 54
57 63
65 580
73 259
13
38 16
41 28
43 90
45 88
47 70
50 260
51 238
52 45
58 420
63 52
67 390
68 527
77 200
9
39 18
44 66
46 152
47 117
50 60
57 38
68 30
72 34
77 156
6
45 102
47 16
51 96
55 320
72 297
78 429
9
49 117
51 220
55 285
57 340
61 168
63 115
67 216
72 576
77 592
8
43 28
49 80
51 120
54 39
57 320
58 289
66 50
77 72
7
43 15
54 120
60 342
66 408
70 280
75 594
78 180
12
44 19
48 15
52 54
53 190
57 182
60 102
66 391
67 48
69 520
70 108
72 232
79 432
11
51 98
52 24
54 10
56 204
57 117
58 280
72 280
73 406
78 680
81 444
82 456
9
47 8
54 45
55 190
58 169
72 135
77 640
79 68
82 555
84 546
8
54 160
55 135
69 230
70 384
77 93
79 66
80 578
81 630
11
48 13
49 12
50 36
52 95
54 77
55 64
62 240
66 152
78 155
79 96
80 660
8
49 2
55 63
60 60
63 225
70 198
83 70
84 468
85 333
12
55 90
62 221
63 252
65 224
66 34
72 138
74 475
76 432
78 435
81 416
82 231
84 595
14
51 5
53 21
54 8
61 55
62 12
63 195
65 255
69 323
75 200
76 156
83 627
85 420
86 72
89 234
8
57 72
61 120
70 380
71 20
74 414
81 510
87 144
90 195
6
69 85
70 108
79 486
80 84
83 217
90 608
11
56 21
57 52
58 50
64 77
65 72
66 52
71 234
76 46
79 182
85 448
88 175
10
55 10
56 22
58 24
60 42
68 84
71 187
78 408
80 416
82 392
90 144
8
59 52
62 119
64 153
73 198
76 357
78 299
81 286
95 440
8
58 32
62 78
64 88
65 144
76 340
84 56
88 32
93 185
11
59 20
61 60
66 99
69 36
70 91
78 357
80 115
82 275
87 540
88 93
96 273
8
59 17
68 90
73 90
87 58
91 363
94 396
96 114
98 80
9
68 126
70 209
75 240
82 322
85 416
88 29
89 570
93 272
99 40
4
71 66
80 80
90 180
92 544
8
71 140
79 198
81 260
84 230
85 480
92 124
93 576
97 360
7
64 28
68 120
72 140
77 15
79 221
87 150
97 70
6
64 12
74 209
79 64
81 252
89 208
91 420
9
65 17
66 36
68 48
71 70
73 45
78 98
80 192
97 99
98 646
9
66 3
68 48
76 88
81 288
83 342
86 105
90 75
92 297
97 224
8
69 18
74 8
75 54
79 91
80 14
84 324
92 78
93 135
12
70 45
72 25
74 77
75 128
77 10
78 77
81 98
84 51
88 357
95 392
96 348
97 240
9
71 48
76 48
78 160
79 165
80 108
85 340
88 400
92 216
99 62
10
70 13
71 36
74 90
76 70
80 143
86 204
90 399
94 75
97 560
98 522
7
74 80
75 100
76 6
79 9
84 238
85 75
90 260
9
73 32
75 56
81 60
83 24
85 280
89 144
90 171
97 130
98 270
3
81 18
85 260
92 180
9
75 16
81 160
82 63
84 110
86 208
87 98
89 80
95 176
98 375
5
75 5
77 27
86 84
87 78
88 28
6
78 45
81 60
84 81
90 285
91 128
95 280
7
80 20
82 36
83 126
84 144
91 240
94 36
96 80
5
78 14
83 108
93 320
95 306
97 320
7
83 70
88 150
93 165
94 208
95 85
98 400
99 189
3
81 22
82 45
88 117
3
83 51
92 24
95 240
2
89 56
91 120
4
88 6
92 160
97 15
99 255
4
86 57
92 162
96 143
98 285
7
85 2
86 16
87 9
88 76
91 77
96 144
99 30
4
86 20
95 20
98 143
99 196
3
95 117
96 40
99 39
3
88 3
93 54
97 20
2
92 76
94 48
2
90 6
97 56
3
95 15
96 42
98 120
3
93 36
98 35
99 32
3
93 8
97 5
98 36
3
95 10
97 16
99 108
2
96 28
99 45
2
99 44
98 48
2
98 14
97 19
2
99 26
98 17
1
99 19
0