100 8
10
1 1
2 22
3 30
4 4
5 70
8 64
9 162
11 110
15 15
17 204
10
4 27
5 48
6 90
8 42
11 200
12 99
13 132
14 208
17 48
20 323
10
6 4
7 30
8 66
10 8
12 80
13 220
15 130
17 60
18 288
20 216
14
4 7
5 26
8 45
9 108
10 56
12 63
13 80
14 99
15 168
17 280
18 180
19 16
20 136
23 320
14
5 15
6 40
7 24
8 56
9 45
10 12
11 21
14 120
16 108
17 52
19 270
20 128
22 36
23 38
7
8 36
13 72
15 150
20 195
23 108
24 57
25 160
10
7 17
10 52
11 90
13 98
15 171
19 234
20 70
22 320
24 144
26 400
9
9 4
13 66
16 18
17 10
19 96
22 165
23 80
25 180
26 323
9
9 11
16 64
17 180
19 55
20 72
21 26
25 119
27 266
28 140
7
10 18
17 24
18 54
19 190
27 90
28 228
29 40
10
12 10
15 50
16 36
18 64
20 100
21 121
22 228
26 112
29 95
30 160
9
14 45
15 36
16 40
18 56
19 56
20 18
26 135
27 160
30 190
10
14 8
15 24
17 100
20 144
22 60
27 30
28 224
29 17
31 380
32 180
10
14 18
17 4
19 114
22 36
25 96
26 52
27 126
30 306
31 198
33 140
12
15 20
18 8
19 85
23 135
24 30
26 24
27 52
28 196
30 80
31 272
33 95
34 240
9
16 4
19 48
20 45
22 119
25 10
29 210
31 288
34 228
35 300
12
19 12
20 76
22 24
25 45
26 50
27 33
28 120
29 208
30 56
32 240
33 204
35 285
10
19 36
20 3
21 32
22 45
25 88
30 260
32 120
33 192
34 340
36 114
14
19 12
21 9
22 40
23 65
24 78
25 133
29 44
30 108
31 52
33 210
34 32
35 272
36 324
37 152
7
22 6
26 105
28 63
30 143
35 112
36 85
37 144
9
23 18
27 35
29 9
31 22
35 210
36 144
37 85
39 228
40 100
13
23 10
25 64
26 80
29 96
30 81
31 30
33 192
34 156
35 42
36 180
38 306
40 304
41 80
12
23 18
24 36
28 48
29 7
30 40
31 36
32 120
36 126
38 208
40 90
41 285
42 140
13
24 17
26 54
27 48
28 30
30 126
31 48
32 18
33 20
35 96
38 165
41 360
42 285
43 80
10
25 12
29 20
30 6
34 60
35 198
36 228
38 28
39 195
41 221
43 171
11
26 4
27 2
28 57
29 36
34 180
35 80
36 121
42 68
43 126
44 304
45 140
11
27 14
28 30
29 48
31 55
36 10
37 11
38 156
39 221
43 221
44 180
45 361
13
28 5
29 32
31 56
33 48
34 42
35 48
37 200
39 96
40 221
42 165
44 119
45 36
47 360
10
30 40
31 3
32 56
35 112
36 64
37 126
41 247
42 14
44 64
48 140
12
31 30
32 6
34 45
35 120
37 160
38 63
39 40
40 154
41 204
45 32
47 108
49 200
11
31 10
32 24
33 27
36 54
37 112
38 64
42 36
44 224
47 85
48 162
50 260
8
32 4
33 12
38 126
43 180
46 300
47 144
49 144
50 342
10
33 4
36 40
37 75
39 126
42 160
43 88
45 208
50 162
51 247
52 360
11
34 19
35 22
36 24
39 42
41 56
46 156
47 154
50 85
51 36
52 133
53 260
11
35 13
36 38
37 51
38 64
42 40
43 144
44 10
46 60
48 210
52 162
54 320
10
36 20
38 42
40 50
42 84
43 136
46 66
48 13
49 70
52 238
54 323
11
39 48
41 40
42 30
45 99
49 208
50 266
52 128
53 102
54 36
55 76
56 160
15
38 15
41 80
42 70
43 90
44 42
45 152
46 153
47 90
48 99
49 228
50 26
51 112
52 30
53 64
57 200
7
40 20
48 100
49 176
52 196
54 320
56 252
57 266
11
41 22
42 27
43 64
44 5
46 70
48 153
51 132
53 280
54 225
56 255
58 38
13
43 24
44 20
47 133
50 60
51 22
52 60
53 143
54 252
55 285
56 208
57 204
58 54
59 152
10
43 4
44 51
45 28
47 66
51 50
55 280
56 165
58 204
59 180
60 380
9
43 19
44 40
46 56
50 144
51 45
52 160
53 66
54 120
62 220
13
44 20
45 14
47 52
50 7
52 81
54 99
55 204
56 26
58 165
59 240
60 68
62 228
63 220
10
45 4
47 48
48 8
51 126
55 33
56 168
59 255
60 32
61 119
63 342
7
46 15
47 34
52 63
57 72
60 120
61 96
64 285
11
49 57
50 4
51 35
53 70
55 153
57 66
58 144
59 247
62 80
63 238
64 234
11
48 5
50 21
51 40
52 40
55 16
56 36
57 100
58 209
59 84
66 190
67 60
13
49 1
50 24
51 54
52 8
53 75
55 112
56 120
58 70
63 285
64 80
65 85
67 114
68 260
11
50 20
54 70
56 7
57 96
59 40
60 220
62 78
63 182
66 272
68 209
69 240
9
51 19
53 27
54 20
55 20
57 28
58 64
61 121
68 36
70 320
8
53 32
57 36
59 32
60 126
63 48
66 165
70 285
71 140
8
57 95
60 56
61 27
62 30
63 88
65 130
68 176
70 72
11
56 60
59 12
60 63
63 60
64 198
66 182
69 304
70 204
71 306
72 285
73 80
11
55 13
56 40
58 44
60 102
62 152
63 18
68 112
69 30
70 160
71 187
72 126
11
56 7
57 32
58 57
59 72
60 70
63 56
67 120
68 91
72 340
73 162
75 140
9
58 12
59 60
60 48
64 128
69 65
71 165
72 128
73 119
75 95
10
59 34
62 80
64 14
66 144
68 110
69 72
70 208
73 272
74 204
76 76
10
60 38
61 57
62 48
63 100
64 120
66 112
67 171
71 104
72 182
78 200
6
60 15
64 5
67 144
72 13
78 361
79 220
12
61 3
62 14
64 76
66 108
67 35
68 72
73 91
75 45
76 96
78 126
79 323
80 40
13
63 26
65 4
66 45
67 36
68 14
69 88
71 130
72 22
73 72
74 195
75 14
77 240
80 285
6
63 11
65 15
68 60
72 110
77 120
78 16
11
64 3
66 54
67 72
68 20
69 60
70 112
71 104
74 209
78 135
79 176
81 360
15
66 8
68 72
70 78
72 88
73 54
74 110
75 66
76 120
77 143
78 154
79 75
80 256
81 17
82 252
84 380
11
66 18
68 42
70 40
73 96
76 143
78 78
80 15
81 64
82 68
83 162
85 180
6
68 18
71 10
73 63
76 70
80 42
85 342
12
69 24
73 42
75 32
76 9
77 180
78 44
79 72
80 182
81 84
82 210
83 208
87 220
10
70 6
71 24
72 52
75 14
76 104
78 170
82 210
83 60
85 255
86 234
15
70 7
71 38
72 21
73 72
76 98
77 120
79 160
80 220
81 204
82 143
83 210
84 180
85 288
88 247
89 360
7
71 19
78 144
81 187
84 182
85 45
88 108
90 120
7
74 6
75 56
76 65
80 180
83 168
87 240
91 200
10
75 9
76 80
77 25
79 98
82 90
83 11
84 108
85 13
90 108
91 323
9
75 16
77 36
79 102
83 130
85 156
86 195
88 60
89 80
92 57
15
76 26
77 12
78 52
79 30
80 72
81 70
83 18
86 84
87 143
89 135
90 160
91 17
92 216
93 152
94 320
13
76 7
77 18
78 9
79 16
80 55
81 30
83 136
85 70
86 77
87 192
90 135
92 170
93 36
14
77 4
78 4
80 16
83 119
84 104
85 54
86 170
87 88
88 192
89 182
92 64
93 255
94 270
95 57
14
79 34
81 80
82 60
83 6
84 84
85 80
86 144
89 96
90 208
91 42
92 90
95 180
96 361
97 40
9
79 8
80 14
81 3
82 80
87 63
88 140
92 154
93 240
94 144
9
85 102
86 126
89 40
91 96
93 280
94 60
96 170
98 114
99 360
7
84 40
86 18
88 32
91 88
93 195
95 225
97 187
11
82 2
84 24
85 20
86 15
87 42
89 104
92 176
93 216
94 130
95 196
98 306
8
85 39
86 40
91 45
93 132
94 204
95 91
96 210
99 34
5
84 13
86 42
87 36
90 119
99 288
10
85 4
87 6
88 56
91 49
92 112
93 90
94 50
96 120
97 247
98 112
8
86 5
87 4
88 36
89 64
91 6
95 60
97 48
98 26
6
87 12
89 57
91 80
94 56
96 170
97 11
7
88 14
89 10
93 18
94 84
95 16
96 108
99 132
5
90 8
93 55
94 72
97 54
98 90
3
92 18
94 60
96 84
5
91 5
92 24
93 18
97 56
99 18
2
97 114
99 96
5
95 42
96 36
97 95
98 54
99 105
3
94 19
96 3
98 100
3
95 4
97 30
99 20
2
97 16
98 42
2
99 21
97 10
2
99 2
98 4
1
99 9
0