10000
247359538
144980931
260240823
128885368
147317877
105889420
50377661
73611659
169992722
144822242
67993532
98700952
262811935
53335196
200599446
240170187
230555263
152911126
203061521
68518540
122797020
214112331
166809334
75006944
121200868
12134839
169821133
103788701
140458137
134491298
141821190
115775738
47140272
16084306
24423658
25094215
191907724
138462001
19370815
211667162
194440323
138716469
143116811
172731899
172375400
218633884
246762065
261516584
172748272
113711828
21041820
226426078
49136839
2884426
133979779
243508956
156607431
189172105
47423516
128608808
161238265
41832637
61431367
56005891
29303381
182237919
58804652
243845978
83284987
124735332
225418754
184175842
13669242
20427553
211178563
163427875
20522922
129030482
80350713
179501112
25435766
110715335
253833908
50983806
198936767
253826293
222197358
102170141
46506896
171561479
249397335
26950877
266141544
76883798
79365153
76766875
41150259
41326725
242082894
79874996
261392686
44707685
206930405
8267535
85844599
64606725
112708613
93112283
249448910
169842621
236216398
219633238
141954597
46720823
33529898
46543295
193915165
48982062
26236055
60981816
85605607
34870433
258972051
2372312
87604892
99546881
99212263
231869855
259298462
181953101
125266984
243888915
94904453
239387084
115591257
29228188
163802315
62765295
86840052
156138220
52092028
238757186
230535873
42062115
150116204
256098264
134733324
145839
61643858
213963460
6053431
224394194
4868396
219591722
55860924
168648253
206029448
4108536
161609194
133952882
69900743
83402668
193573045
122255994
170089071
154546348
265516020
175233077
94020347
42958251
105553693
55649874
194354462
14511029
135463609
26460964
254303297
203308074
237200098
41338126
6691660
192057936
247733318
28440941
144362427
95840797
44496452
159589197
200603506
93755533
130877855
194561905
41161287
25311014
89841144
137859892
162369016
90197887
230113366
108543680
5411364
240485658
95753430
56842026
112923238
237401883
231913836
30845238
252374775
254870294
83967250
252434502
193334254
93319865
34121507
16277669
178153506
221089942
164722282
92397791
67381516
7292661
91860287
260225577
151727041
77066221
259207890
95339215
156269673
86048242
72305923
116525592
57983154
93384791
178349843
224893636
108172886
225955952
39815339
94131215
159331848
145483032
238478797
121121624
197199042
233154332
35036143
251580903
175630007
117738363
101021726
132716752
140725885
171963597
144731530
227676345
152448942
193241845
149805095
126222036
98867259
239622676
146281437
115373312
105435122
152199318
60800827
215256921
2134412
163870306
77335049
11707464
35515600
194175334
8200684
16373653
126478358
73539129
63022015
101835966
256151431
212882252
179372217
211641433
118877665
158559158
2879195
150930431
26392172
22102415
176680294
36675889
42486465
82987476
211379806
224197435
99403962
155729247
33401276
258445465
239861848
31777438
200527194
39384980
253943072
64865422
48632439
227349273
7835352
130719813
91646627
67112809
193541523
187736075
258991204
150607563
203674509
221309990
123653979
5604674
113803031
97178586
213218886
82824781
152058904
52089647
185340525
118873369
265727163
116755700
173946127
90701998
258012179
44226850
185597815
124868817
213772198
177850211
176282875
87966976
249138535
189197862
219560871
13367546
220332849
129831422
248348487
170824121
39252951
158027839
160222733
192004482
200456459
164609304
49700230
110035209
136812012
53445136
135667961
255508699
221395238
235081205
9586003
234268673
68908705
29490024
98422358
180547553
179449880
265722115
18148129
215115399
264983092
210775056
204842906
220733070
8820874
129318034
28840484
167578988
133824979
7824820
74424884
266541768
99632956
252196209
259646563
64054580
171864999
217307578
238380839
99217438
157928899
106482937
212831994
213413665
139473285
192274565
259383743
86452366
54775303
105387307
97708807
63109573
48893809
196551699
159918709
134262520
68546358
17549332
176336662
262126697
211812862
66483185
258080778
69258247
115842392
149827162
247745583
115560738
51129855
1798644
58056577
7348475
233086624
265229821
259362970
159867433
115382294
8089267
190650388
80895877
165941408
124030581
202473181
265816858
118465019
71350703
157777992
262730170
153764477
204029154
100249619
68757610
159097232
91362854
57807101
40788319
115132555
218995650
75797219
44268205
103715928
90529835
80823416
242538669
152327300
30062936
92896324
251095131
185272778
92016447
11766061
145135787
92484742
168491178
149646763
113677145
23410296
117500032
172349907
104775157
64807864
143115920
34795449
243461519
27863165
175937847
163132944
229119512
70628760
237380377
10914430
156673192
110759095
247241225
238413349
183662353
97124194
198670834
129435236
27148036
246992143
208759113
177688048
233132352
155718089
31961970
29919851
96658904
159882859
233541982
93900907
176228062
208422537
112635191
126635305
140826698
153222151
234289004
200716090
181479926
160054117
171082865
121865596
126573265
134958010
204911341
143535524
192492149
75106474
121599003
230540411
15825605
216166175
241662288
93405525
256481559
210740559
167359688
166087069
67809108
193455746
216583662
100769828
49464315
142932272
2362104
38811264
110947533
250679690
174732377
199679592
144193441
236379250
132428458
145677632
222546800
180613490
148739435
95927392
239418344
239477750
141204019
171981430
193039744
155035580
172226575
66907308
197246573
40675095
249907628
35161589
180819319
82847764
219050926
92711190
63656040
247287807
54661663
219372611
127386559
119735350
87476450
27410945
10926053
230252759
99950866
98836433
86870409
51642743
162522458
46486325
156386519
84838019
210823722
72468574
203626747
56766465
54121348
31473839
101957901
171765021
148626355
107713506
64271624
252875251
71317319
145058194
19097582
221341057
224611751
17596443
202791198
241346852
214022346
129563542
261137891
251438307
135883960
54891682
127841081
87959607
69991240
163020464
185971874
159436173
139638911
35531329
30886527
136532092
237716166
229703977
213779185
101296584
140468433
95700084
177565465
210485480
197753914
92881647
141725550
26021384
97107427
139988214
101858499
187258965
165254257
65922059
75691651
266292133
181897326
43854594
191430244
138172232
177686963
208925979
196838642
177558881
12957784
136244126
252845713
43205049
186163829
20824449
65357988
38067488
6394551
261994419
184671795
30160768
29021519
146254559
231739612
22956115
10643407
142819837
146035595
241135004
56276283
220833476
86902966
176415486
12343530
10640025
13230608
116532091
79075676
132652533
264184730
255867149
258666282
174252860
109125011
259669160
72987488
43316779
10225964
162064906
115165340
224499881
172501524
217130644
88594982
254366921
191115773
222290405
54536547
262641503
251422023
28332082
246231707
17609403
98808593
239315105
165857889
144886714
146092434
205494695
233967170
265337173
45122067
208527216
26706160
20897935
244414550
50583472
168323074
124611817
146239215
239646846
266842595
182400244
194045264
202893269
227067445
204805173
32682232
124315692
77239049
198578424
141693649
63610450
18532664
262989135
6999021
238863713
120894399
66076787
18701035
116474448
246114616
5600917
215799325
191811136
114655446
216499263
194533351
68180187
167396939
231596008
144184659
125332632
52358787
175321573
83785077
250244382
218731611
96350141
175758272
57407197
260082331
23422876
184217399
136964923
13302552
255679529
89576462
245019800
218449846
33594519
70522292
16916627
263993085
73467389
240396004
133016198
249141300
216290050
175187337
138122953
96185735
72914206
107901664
97523913
136273060
72190755
63426268
37452347
251167434
76497510
166122325
152281614
88366968
89044368
186299073
93142314
260373933
145959891
163088576
234468670
191332699
151100747
58206038
155734448
123483581
44587936
221496340
122278085
49941726
49704806
184024635
53951914
136008229
244866014
264615661
160072527
131184087
31921832
142003972
243770621
184486771
205044419
106230666
244567733
192624886
113586714
155801912
96426833
207525296
79730527
144485015
81607800
239339747
111191044
235792121
224235456
202979854
94782685
83292084
215663706
166492236
253215950
182715329
84356390
9346596
52014
6119572
180536937
253656669
257888207
6421540
226566254
94360970
233546747
258041670
110674463
266891837
163622259
58846335
36748977
143651613
67533707
183282540
121878025
264696795
101015318
196426358
249529649
89751045
163816823
20774047
260954564
73300645
245612285
68900145
254691006
14091422
219112065
216913534
70763721
147046157
188488072
229068388
157879655
165648022
125955618
92988783
153757642
50629226
253649709
95074619
23868435
198044860
59597333
194010342
219371518
51787356
102804187
66186918
17984271
234776380
3271867
6137299
37587006
169570323
168716829
93779139
376983
42504757
77018203
131843881
104287994
197079957
32460859
97346232
232747091
177158218
236589069
234149581
265254615
41903378
2985879
10455394
248668171
98654210
92998934
233590522
49791437
151204922
198740647
89474011
176438344
233776094
18064748
224015717
17093239
165574576
170604155
218141955
105522317
61206384
202945201
64056331
17325272
23158568
157475015
64427660
224023524
186735256
95339598
145083360
146496198
41625839
58889113
94557271
4669710
102424028
117224978
225347645
164582099
76296122
70272090
175166839
210488169
56212063
124593729
194140641
255420800
16270624
127555877
98639984
227902129
8365045
9884821
81994255
162335817
96533281
96163498
185433962
32698615
130510513
67550156
90638242
191005904
487793
108127396
253252474
100207934
96165801
13302985
158702593
233578785
120151128
84991405
207845463
150636408
145922972
226878927
77535778
153137358
41074307
123270597
190247480
256575097
8700115
214402506
8978055
70326308
194804797
60247257
249286835
168634611
2546028
39032848
142159385
151090196
155407339
78554572
200566661
115427662
14521129
59202069
265050887
7312902
101794471
4517676
55705066
29630337
59932485
121427817
235737186
185285103
7390539
34564498
84970573
221885832
48049614
217724801
162997712
186080040
222213586
104941729
162374662
106482978
267617869
129724653
44802134
90551394
184487162
129879745
195804752
157261805
200366426
92286515
112876748
170767855
128767588
207727127
221906495
50939935
16789458
232537233
161459498
15271878
148371791
215357426
24231541
12813099
71550795
59293476
156266904
211168443
257487087
88575333
165083477
73942090
173341696
51915134
164195142
135330732
136525883
51150031
23309615
178800672
190043025
89594101
30865478
104760415
126099658
82957994
151664767
73513800
9094625
219160427
56855714
111613580
222279949
1815596
15207051
177004735
194714936
1521719
195782875
167413965
78952829
266555470
7064182
10686358
71148994
46563037
61667708
244677658
31516932
28105441
116729641
39623426
242095901
28251322
102589197
40916431
71434738
239931041
156176388
134995627
6225310
1368256
192231085
119093502
9402256
17453195
238297990
141010754
10160220
246233
138508625
179701184
161230380
201872641
56705626
172625617
78827249
248973839
116481831
34639607
167463411
259009017
224292921
44311074
51733458
46329199
5796873
73473993
258298585
64518226
268141634
219325526
257074938
142671076
180029353
58873086
173027936
164721726
102764095
2901795
22486325
258885965
61600582
181174360
3251734
177286873
260408076
205569435
144406309
150138579
210813388
238504385
181814949
136356394
113218998
145540268
103970041
92425890
81418749
59747999
141180008
220188298
55521554
81427089
117661767
154100354
202910456
39699820
34018207
606714
136032781
148520645
49516685
228144700
104362941
44505351
256141598
146504401
196563013
19219909
35162749
79040965
156173028
101548952
75262733
78569585
102704532
114047964
220764642
217143013
150057088
194293234
147273612
118540893
57741212
190641579
171304964
91267741
232147984
204703324
157939498
259195110
235647436
197103572
225105196
50245784
18684069
71577745
126046137
133260653
42716517
198357818
224501398
201041577
96037496
9515287
173184045
41973392
16612384
264986871
85588854
201050622
190602654
169444845
12907352
209408590
101241531
194323966
52612377
60436225
266663212
111352818
62101193
244683889
33796450
124810287
72068830
242958249
59622588
194611935
245573600
255371302
32103493
223067741
6725320
145293540
72576744
30352701
211444352
262905779
100738827
256038236
220242593
10625346
193190243
120774536
95902068
186679883
63462681
145031697
189827690
158771835
255391365
37448169
164529108
203050837
184789004
101300080
200861416
86933703
202908431
97163012
10232933
195880847
236829151
42023492
135597264
182082999
182211418
59718057
57714477
106813113
66135182
173515770
174355916
136877192
30055123
101919804
235525148
158491636
9724985
230234254
195101587
35001122
26195177
126475914
191530889
117842491
210994343
165964629
119419796
36756929
157691957
96938937
123664356
27580448
73085539
193245327
244849667
238642219
229501175
114439358
182566453
154117269
134964207
8463832
245535011
34844791
71752649
52846808
145500700
24184043
80658184
107143024
18155954
37843018
9469241
70957179
201958849
213043268
86573361
83126539
55812491
8804062
216786871
60480850
169618468
77880535
222992637
189036840
77080570
77372514
155363373
218500485
197727467
136504964
244387205
213884244
91868325
48315638
32882248
166998221
65901382
201881969
171062674
50512857
232356170
98635689
86811884
49198505
188764110
139016601
203508113
145740901
215746379
120323111
208240596
64359888
56138357
32531775
181401826
257202372
160157126
85881308
32145268
225679560
109858286
171732176
139145714
153094405
113597995
184232721
45342963
151802469
53887919
94092616
37253980
144852399
154511494
249507362
145333406
225572383
203266139
226148915
95711819
253736264
110293181
50370914
27374048
88172005
62759261
95517160
233790814
88247975
60838504
138793666
103672794
77804587
165442126
77464504
205857772
46101577
198420111
224104925
77846043
241174000
234037708
90251788
249459940
11652684
56987642
93205096
73475359
215477286
39634558
255795416
190339718
194945042
223895122
80379997
249556826
174648409
203383068
113030213
89157767
183617109
151806165
6877780
224627061
146435308
57422918
194331037
103437336
130310369
252648378
169741425
235202869
206055621
178154344
12413088
6815398
216433224
248460426
246683472
95142205
227657199
204378066
64503708
82745526
246024245
213286066
102914968
228798211
48264378
124301529
142922002
67385890
6227457
51311817
200677889
24287350
62528436
133924994
107974206
56918053
125252596
97578996
189842970
45759053
52397292
156486100
104644057
246344618
101939744
181245055
26380585
262135516
210764131
138049348
175938500
33591279
210048883
18389998
92129412
73112370
42027854
200426301
108891105
127056499
38038972
75637461
79592941
156519689
46685671
34128617
92831428
92410614
261753675
76280210
37396635
152825827
112346673
170377404
250546516
159020992
216880696
218837884
153500825
1702335
164792473
113235837
250580255
76562510
6060869
162374910
135407212
40234873
69089593
216968104
230398514
70627986
186925289
149781651
262540004
12297657
243301267
202532493
30598321
22126177
160022893
103547640
61916800
169035123
243289411
9653340
119396536
193537670
147886732
54977855
68568566
238897055
53851637
57379177
75520925
30838266
214749940
106179674
114235000
73923998
153241420
49291673
78456692
230854810
221542014
237579991
27604432
44318424
7521864
22058471
159592551
5343856
141031597
146401484
8410363
168994603
255268950
36675653
70422322
257058186
167359379
243495418
246801524
132342577
222425022
256404864
74319938
17283838
11924171
211081913
33789089
135741552
182409401
215193362
6369654
176641173
53219828
127792558
181927890
200665711
77601505
105461967
251506481
243918194
237262329
246786565
222771715
146876228
75947511
147558532
262862340
139162603
212314766
52624369
64055986
53760950
197680449
236965010
172851135
168815760
169416907
171259393
125066358
153464231
28866182
216541214
247311654
161400626
20854865
168943568
63956983
30693423
6787221
102335316
44619721
174780077
265720213
243534679
31104066
32280665
36918996
73536351
206986231
137850668
52726187
260759483
129444433
72408038
125200628
223882717
150542403
14261350
230560125
218826318
211764967
225556557
45573538
74774703
151768408
180645528
67146849
58649968
179052353
83570385
181372912
107216367
25099900
258838444
80985587
201593062
46734283
172445891
71186818
43130087
101169009
143853408
125887995
227325556
197152958
107295862
53123162
253894301
195894425
202746111
247346456
115909737
267563612
249641990
102160934
76403361
217171517
18427538
105467363
205486535
252925577
53851698
25249803
267152960
241545331
211377128
52530572
265514718
82656843
250010087
103828434
264089761
146606165
3948530
219028664
191872448
40633530
42557615
116507301
75280685
48789991
175518734
244332130
209046108
180130063
251953066
187028305
171834470
102455871
173580680
104041837
109173772
160864879
59138118
135343548
173366049
145194135
17656204
92409467
120800390
267742314
230230534
72689482
97570840
262043827
19667862
245861276
101860406
109426020
158996126
73916716
136019873
101385451
219109731
202435166
104656248
15193193
30394427
183441715
177517241
259938471
136859587
103441525
247943772
140474134
180232921
257184832
105860848
103390437
39030752
158391452
227869840
104131816
102521014
23138702
262272445
185185924
105143662
177260356
56409375
18546290
132629108
210287308
31326193
160959453
70687860
206121703
104957780
27394245
214099785
87466519
127525515
189483401
191604498
105303064
42634023
209510653
14434046
106417989
55840781
236793766
143579625
85325361
1008259
67553834
14889071
189716853
155180379
32061082
264039975
21445250
1762561
144922820
105056508
85903603
106508589
203151709
37687446
138220518
179748361
246640494
132504856
206426832
53452612
173274455
44257509
159599325
53221119
92190487
346996
188364318
243543733
206081998
234617207
84213487
51991838
119977672
133169067
260540991
176212464
235621941
181230328
241131825
237804182
191209192
124039700
228094719
127829672
140301602
113837276
50935331
258861564
240850546
239814225
153947587
138168964
169062089
111280716
50600562
178136321
231768356
1558380
74713101
52610625
143329587
81333672
84253812
112685310
131516112
209809621
199270720
190656136
161799595
166545843
243035865
240422046
206387080
31304984
192529007
223609789
66260568
152773838
110227499
235375550
264150560
25433945
128126218
231232933
114943880
203755354
174287215
131752622
32506447
15959420
61423749
233108706
230328547
46913190
49232429
106610053
1167076
199100215
73261923
167365399
257221787
66770920
156404877
234270512
146504099
67776717
30175867
151782548
59526845
89215891
264743330
251608086
134141259
222589711
24076775
137917753
150950483
14735172
133973292
147256416
204212040
41361965
20578749
206924419
113045095
203459813
33644336
225416964
108008424
113955072
240790571
23247594
10141478
83278336
180938623
60384525
27852348
174805496
71092356
77242799
128191316
177505980
189436864
243911563
163819538
205895743
91332729
52650113
258053401
50779442
117138150
57342582
144096332
13654147
89456166
17258133
189908182
128936724
39892386
268049772
126181454
59285082
108596555
96385384
72473007
105131210
77613364
62819224
136368646
173255731
19290602
8960625
24598932
110003555
243803985
145610796
210972527
161911253
114087015
68195828
48157096
138196340
47099016
146947944
19987635
182803863
24050614
162141214
100019142
145881955
215493555
222365180
36114269
150159050
6716019
93883471
221975579
259022718
17253930
180353878
189178885
146286230
134125356
218269776
72995343
246065960
86332861
262772339
50507592
88730344
168053894
179484212
156928006
158614221
147291938
243227229
177995755
108684170
171149442
236039655
95748150
69353574
44726582
148106854
100052085
113845559
228681412
97473431
195429274
260728523
47424556
156570384
62366932
38675731
16741154
107208369
100625376
27987986
226449945
144717960
167898501
10062346
248456917
193385040
136492212
128037681
169027467
137636118
113970370
142087190
81039185
143623174
222695742
9304744
6671515
74152856
192453126
264151449
136096955
188919443
74279827
267361385
141797886
248194340
81392048
160545457
223310264
12048019
5072774
216993956
180130954
79078850
72890602
107673281
90845243
222076091
44922699
231506151
224009908
254936251
78840976
79257281
17583166
246672290
230719365
215474588
243103249
26546356
52856921
207982597
109001705
112422393
141026871
238748712
168800111
206536070
77674567
119042258
25447289
163977436
84706039
101282964
120831474
138218289
116315358
80359259
14926716
73213279
218164226
145867118
54887845
193025672
205650913
157756106
81270968
91413194
237332998
63154503
25325891
154569479
85015196
195338767
61233385
240764840
74332494
219062562
172587279
5722000
44748014
15669348
117519226
143820003
73511724
259246864
205079527
223213735
59436923
75594512
10919119
95962605
89625632
50601617
45238408
139173945
265130024
58952173
99035175
148978883
154592289
81438878
29006797
88724914
179698463
161811814
163754615
87650225
56042420
91158301
5138315
96415843
217881516
10935091
92793951
15084910
60392597
3766460
173006034
163764045
232475945
87617264
206985760
186595548
149982399
15793574
179330342
260067298
155533950
155007421
99309174
13350501
101071336
229609517
46075233
119802733
142551693
751447
267395322
168806188
149269513
132176803
91995685
264352890
20753158
186896913
128344399
64834165
9037766
207522584
17409640
143526284
139044692
213841387
71008031
237370684
225612354
47733010
132348504
142675666
217008056
88303811
74839751
198998233
120395843
82465662
206730485
235548375
122250396
245223887
10285616
77337199
223161118
94096903
53501135
102884269
150202837
60391224
119272110
263457128
95931212
122972374
180912654
233702416
45156555
247685048
18768337
154641193
208473367
142424653
223976956
74209248
6831884
109464584
205265910
71540975
151217849
246214163
121442086
242958771
163824386
109685897
115647348
100297310
19348532
203130050
2146326
29730946
45756937
97902829
13066145
259887027
68169948
88298403
15753914
91043061
230550366
194857499
31015292
22927935
10930560
267173845
109081860
152044737
211307321
235297661
249209270
193246240
155294931
264024329
128531263
63686440
136548804
32277338
218480981
101567349
104974560
23729871
101644972
102926284
206589022
216245172
228196058
84830980
123991542
47757352
187410121
164720565
180657732
114591734
62979074
268120179
146895085
195974182
55212354
53554895
106215200
109284091
125700476
252608122
41836532
182279627
241187465
10491982
166127632
97155985
151943643
261130246
84975697
114962978
142786954
258745819
129545451
155111331
235388167
212454415
224823037
227415430
132753638
228871338
3627142
51394747
220614306
126445639
158188862
34425336
117250657
230515396
120267240
144520016
221809840
130121049
133034484
171025382
4476078
217900131
239291120
249523835
15965127
32275741
91635563
124107728
223432309
183183295
236064916
126409513
253536814
259856418
86261057
92798912
51275475
168583148
35785392
57230287
224250932
160195181
238333914
5207326
181278548
118955854
41226257
160635853
188840753
141868551
7505736
20322636
102856731
83418645
196741036
83657656
152256803
194511744
145325807
174740195
156101203
178664542
50235944
113587698
102181440
187183825
212711459
88412725
76074963
12743762
184239049
51143068
262820415
37622138
265422103
116305774
241331779
133423223
95311232
250622772
158271886
131553913
25045397
80221201
116208282
54316816
29627570
236417327
125930587
99540
117925210
101082008
259588954
231405218
266885801
64420254
115783113
176957896
71683162
27536440
8640727
239483577
19158290
85005710
249619003
253599392
182561327
192335694
197293206
111857583
22951950
170939084
118486239
217988607
230427795
136885024
47890624
94675951
124266988
216581501
222342536
88011551
198983286
246777758
117935361
72431192
204111654
75200596
58779296
150568374
172274706
153461679
102709399
128643775
232568729
162878142
5390549
119111943
167013866
52829077
50464054
224675300
155379766
237390088
248489472
119907241
9227691
179471609
118880696
102324231
224392035
36414167
131449494
255727743
93281392
24130219
207459805
22345679
76130148
89000023
187689345
61852641
262229997
141818930
203240601
166577110
138207639
263723507
101424025
52520497
123805935
91758997
194467961
38112634
196684206
68255351
167305901
16041831
212978380
192657557
140220234
228450399
262139510
38139724
62511753
106433295
107864569
140288721
106747387
126802276
193941744
231208968
59481944
176295579
208357021
211075705
190491589
166749392
10245668
114885267
114798451
169025185
117354372
8893954
250873156
15383876
147539492
96959118
184964778
237499739
100344853
233294477
212314527
209023021
255263055
85651924
197980099
142213212
162786939
45151114
268066458
17907193
137913278
38685834
240601211
81061735
188889137
257857767
136815121
52183700
75602703
123503149
60923816
18171498
124031912
158263842
188992256
2057060
13799577
6744532
30598278
240298104
67542893
136865281
234015007
2508102
218002595
266382982
134696601
148640715
216769907
217088175
209080236
37018554
58004885
80528435
119142471
27682807
190319677
190096594
63536997
116705407
87851158
21212538
116793691
187269498
231617294
22566445
221568097
166672433
195231688
216724543
249573795
214316643
30545977
87671557
73636864
194470728
27887779
239069812
18995913
245149469
262559293
203557421
42291539
55649670
112248084
159722204
201293694
995766
64246153
99424128
189020646
71367288
119090487
25387080
210047268
131935133
55466312
131647392
246365329
208793512
113779121
170771531
246768632
259984185
64031836
225774532
220518018
249705030
218025620
35413066
194514898
82314455
156394308
168834724
107411568
131546290
194405825
94013826
235019281
27687976
158014616
128450451
77962061
104187891
165735963
147102252
12201514
162074861
254334376
253926001
126714339
114776978
145906569
90069473
71076595
174064292
237122301
229679649
88250650
205479072
147947658
66237012
164435960
126706724
176958164
248187252
266852178
24110741
245235201
42230288
54454837
208597971
74204591
65151039
104233245
41607486
122880505
147557394
221420355
255493861
26929570
109952890
256095124
38752669
152570233
152889015
210418222
20020036
111780769
203547033
61152
9723967
185638706
112648601
129458749
227249695
236457933
193071405
99999796
130193516
188167437
110626374
247739296
183648173
108522164
18716567
124274413
112451516
96143007
92928988
186277286
27211337
129903797
208862074
188070567
181738869
185315524
23479204
211442474
26426568
159643338
109326035
43789925
129236717
185580824
57108281
82283328
163843636
181411969
115329743
256477584
3184369
217687627
253703673
1244244
60571191
150734993
195524947
176839360
149776512
98048152
194574479
64382010
220809728
8904994
233539568
43103975
46037602
131150722
109923198
233265079
138631237
62091588
53465043
212775085
55193105
63710887
196437815
7198666
236340491
112893585
30419969
215321684
58993839
145091887
117020966
63507222
69980520
168608846
70573420
129151666
190859198
94769072
111157973
168673815
208773892
252135293
60921942
108819577
181628560
100968450
93824117
67126803
101716028
249699718
198494501
99634523
266161261
31614905
32703790
36790215
13976730
111020344
145967996
229819544
112273855
194064536
68762887
263633577
89516224
162019193
268350326
225602416
64806816
27170394
24498397
153682027
228250565
71657480
119422434
158304886
143670012
44742332
210527984
89092303
56553360
230128639
5465562
68467135
95770536
137865120
209161913
149630228
55531057
120131284
66623558
235367819
72723327
245663383
246766552
237660563
218823743
154140961
258029817
81495131
259229315
123317235
86610863
201415340
41120188
248637656
10377618
42398568
1099605
256463122
148373106
71573422
228271261
86809019
93830773
201025737
53828917
224197802
251741423
40057147
184090617
154959154
13727874
27240651
228462726
182402552
202122888
61440136
57382015
67946979
66049210
210779424
156796008
33030725
198882695
3896461
181379109
205462329
204667565
207032501
139514273
143514110
146394491
122386440
242922120
72837320
237859135
138619374
72521590
251238755
191804594
19995781
204289135
181870705
242914254
79073751
79575614
207497534
261227351
171656089
215856972
126937066
5374705
36309768
49275012
111138788
231967071
112401119
256070122
190621894
215473600
266145538
199580199
65199639
160806399
55901165
135985702
141159732
116703646
19388482
206730716
173121982
100574318
129592874
188874118
67851256
135087343
5856976
68326383
262076179
87001985
180817940
120465685
188099374
178418042
264185415
198577271
115020884
79221596
58296234
131192894
72023401
159857152
117112050
170935170
262154503
257150109
177369398
84595047
230479341
209147844
118411200
196919746
147941890
205274108
42680127
120505682
184324521
57585688
240477365
252195755
85046684
163277887
143742110
121143399
59571151
127205971
208280736
64920450
109625407
198904042
238018617
133004242
49514646
71747956
22608557
183126559
232129422
102873545
157858499
61851700
46416861
26336358
253058766
154072056
9178648
7534953
161287977
126959199
242765955
222544544
244338981
150666868
78240748
217378033
94105827
247971825
105680645
150117039
266741263
180567074
261591563
165006647
43008813
234528366
47750002
59799226
26314767
220173766
165606111
214015102
118766573
175282783
16207559
160228052
233066788
7156828
195672473
95196801
61628922
22198174
260005831
222103978
136192393
136670843
12302792
234969823
52771840
58366249
205045069
6513966
37051672
47486462
24103643
39100292
79838650
31745623
148348257
133233077
252895244
84139806
216632069
19311160
120190134
42695644
150504110
74362857
53106221
191004002
32499543
229148879
17904510
194440857
228832341
141124302
133289856
222992486
151993025
232986985
83913612
187464812
29039910
127218650
187706197
188199818
157389027
194100900
63854988
84816516
262158132
41305211
84026407
178859374
160063983
23402220
208223352
136040356
213655443
21263808
146032012
240975515
14666535
53597925
267104470
167427864
69500480
253638869
81832087
200382978
25059206
59170400
87061880
105713886
258250690
20726647
76540025
46762197
96459565
264734696
41986748
189873635
210326703
209174108
80639648
156640691
230785456
6291215
212476412
204440406
177200819
267319943
260489267
198939470
264539759
94810115
102793667
197621384
130830363
35416194
46826812
226282861
267164030
7819549
252891473
55821911
115748109
177027586
208841362
197047459
229243689
29943770
33015772
34550461
218324697
114947515
81267024
212431139
204387964
156735023
241482235
127714710
128896600
52167805
25959801
46376430
65722077
92102435
161712550
241955462
159304850
196581339
146467716
6644545
72074393
200498835
110373442
74471130
267328510
12423879
136086265
116425475
52713968
123025825
65057290
70448298
196746258
16712332
92404274
110119551
1502778
216264311
91051043
34108875
13282372
26719265
117162364
262716765
246486373
204715878
84983766
196793923
263945757
157968119
163042863
84333762
263725235
146378584
75771757
137673812
55763781
216086749
150461913
254507944
60975528
201713232
250819452
8241881
208594484
176986259
162524480
206093612
260902555
146467744
84763860
268316362
257614768
68502527
265427913
27469224
123127812
213650185
95558799
225388985
203273829
5586988
51186519
207650056
68220301
252556602
137614540
77624381
184577464
221243409
62267600
184668884
74797816
57196393
260524608
109724730
71652239
34502926
8564056
124006760
212614362
47697162
107262249
234657365
33525277
267876459
178582604
104890887
29340225
164277271
176179688
84898210
149515377
31405019
245845287
118079773
81419445
195476129
31923001
249912558
94192762
208625908
166850197
73392986
32090512
235571287
121090215
205908708
17109747
167823835
23314357
74758406
128052426
199728273
219009765
170779844
203081912
72310399
176599318
36146422
63237542
170526493
131364770
226257173
114280820
263736683
121595655
28191194
249018252
188046736
234800520
167112659
5276184
61898738
176004722
167594091
80662787
180238847
47971019
162822286
81455340
108742016
201273980
120977084
106252036
96167332
168113054
216335653
134564524
233168363
218344499
2117912
136089053
47123029
132062716
218757810
9976750
57651989
242368193
45294309
125621587
136275258
138913563
237016577
256516781
120646026
146944265
83239112
39472411
9466195
119380849
73295497
98593889
262469386
105030267
238521938
238716184
219868021
84022207
151923327
251371364
6932225
152824552
251771628
83602190
127473564
10723309
168731558
64826377
246991573
53258203
45037392
121975012
179421327
230757780
6727976
136458566
265553693
52780226
164132755
213988667
249259353
177362897
235461938
5166092
126187586
216710134
262343927
253677962
18690230
127572562
265164135
146131823
30668529
209708777
135625221
89756863
161993291
39184467
264983431
125649094
103136922
197833778
252677397
73403482
109703326
131866367
238419233
15944647
11599780
47454567
64027055
117332888
141365374
256502919
149765583
243747446
112469275
186027285
89179643
180303546
2587704
38493212
107249946
120103351
239896593
138673555
86387123
145121326
62461083
208019940
241751379
263109564
33954416
237540199
33512357
166244580
142533669
83475446
37627312
101258925
245152403
165648874
261475305
169252183
223210170
26797402
146199106
57499416
178831069
2175082
82500742
160346790
73418170
130776996
94192695
5365962
92902759
24175518
136540803
17068280
187419160
193086231
251965044
267686889
51504645
20906134
42330214
86906787
61361699
209646340
182364899
71668903
106948250
205343924
173123682
8302728
184908278
17476060
230630008
123372142
11791066
129766827
213055902
207162409
114717339
217456908
209784716
539176
173529544
49028412
62424315
219076238
267042822
65741647
149464431
65656338
30768944
77866992
184452057
246356723
118557130
259096787
119388503
195371795
69850174
24096527
16205769
32317349
13527439
159640752
105022656
153612084
118130554
226943598
235810886
222067306
107958811
258697193
57655905
259959098
16482131
81995200
53402050
122833160
148896566
126753932
200435881
197934897
159881861
30844076
248821011
32751987
49426350
21831107
252155696
192852412
31972568
102890280
229718565
175451990
245370615
108215903
248864612
145771870
38900530
144295381
43872023
51300134
194733558
139291129
26874560
138584761
34195687
34614746
160660355
202776423
155969717
132526888
136452323
236315185
266630358
140665603
84762899
247467418
231881993
228639121
29790690
183940368
258677008
67592381
197112042
181227046
81466976
124188583
79995305
262558276
32245347
265366084
237097172
75940141
112778788
240815001
264292895
169500204
63102475
245328964
157109777
257498841
216069385
35594180
105135293
29708170
73381727
197704863
18267126
128557827
26746425
152140655
55782054
192151220
57629270
195199697
50138983
164192877
77666916
92018907
153070150
178766044
119807374
266350755
165689524
61481811
190374849
140214104
15560568
188618683
16076743
56457801
263714587
38412425
137493880
135567934
241969063
236964943
53462752
79927332
34797291
169553491
88396396
171415698
219419033
3648514
70576540
90981521
156340723
94249607
73564801
203855783
76861473
97301495
92102812
238224930
49945681
81161861
160174168
35616269
225489532
162839801
253660510
224971053
85317816
22601552
263754921
147577873
182364608
33441805
165909006
66759657
58010897
131610031
203897691
226781839
119784089
245197462
228710514
27347482
89400643
208265120
33816976
143262808
44691795
142532782
174422020
233978259
232105879
217001040
38009830
51625872
22332740
71024465
257012451
63338174
91381637
226529442
109781253
64922489
153477485
222797048
217254324
217448520
264846415
103757028
77305320
51646637
5271410
75950024
21088467
153041093
183973045
175175378
210841942
156432048
258428023
13574068
238961951
164149995
212061401
100202657
19727438
166295499
220657322
66963703
160673200
76992774
250850767
47245454
63441473
218530702
45532428
73785477
251361793
37662838
255544309
181614601
129704974
254127131
105109539
75335961
70109098
3382022
242554053
52473487
35475270
141708675
129464065
59863334
179696178
38995556
265518724
84404755
169834846
3274849
171314699
266584318
69647180
114141774
185260825
134076096
31664316
71449801
184548338
119333251
246002449
237468550
175914251
73442832
52088202
136763428
124099027
57189291
197713585
213566214
145676983
30841372
87222177
17515061
145369666
106751497
184096966
254327232
162417978
35983532
44803348
114767077
152392485
183725771
189567857
30160800
39178352
204855840
84722262
70932455
242758423
61465842
35898513
133243086
219892158
162853496
258435501
186099942
219639706
251629993
257003852
184592544
107829752
36371975
159742915
52453865
245861487
37726281
254502820
250413810
218787182
111992211
231257754
233422875
104161977
200292539
102638847
210755955
97830754
262854512
71829899
135805925
137304204
9709204
152342761
191767912
260038218
115263058
157055670
16358244
48718816
165049104
148618717
144674698
64348789
109521313
75078178
226651647
238114866
10534261
37203814
218564908
122943846
203776279
161331729
61205866
70717656
199765601
46805658
217179864
33946926
92553918
33025687
206440962
81549623
101715098
94429512
218596630
148263214
95672182
81174026
19415556
262921946
194540178
117617065
45927668
23794115
30858567
204236962
99052551
110332933
175633899
83546557
27700174
24948217
177257336
136800302
195742328
112922185
255074376
142540984
30558798
92161174
119903177
52521584
171571494
121656527
252453182
65923366
183053263
108974561
109956579
250269668
74368264
128646851
3830063
229754510
197846425
44140506
146403273
192882057
86362987
183455211
169407879
16643179
62807244
173578888
192208941
79913570
146989300
101374393
204378706
30441916
186140545
107382435
55573329
215782109
180254737
158328618
105876323
105598956
182854184
137164505
209578219
174752745
180672726
209821702
185161347
220561803
112550605
237918776
13264183
150798071
44596618
214393458
194336801
54057029
262863137
168873949
122455884
44538358
49540613
129251263
123881436
39820768
96564307
181040243
90004835
170452043
124123354
37128237
50388734
76915788
203076991
54517346
105041128
176871475
208786733
237674184
177230068
6720876
152335340
3740420
11463311
42023936
176455221
213637129
209829919
215984964
203482772
27326646
245087200
221311372
6042753
33921505
152089454
221737558
138533241
106097403
243012349
44562822
220150029
162493495
146247779
232012709
63698694
120293627
214333169
245416767
35413758
97604708
16527456
229028204
51866708
251196514
127519561
46292797
229486068
117435239
208336808
27512320
104769481
152285335
81570515
214875873
114795966
125966696
67328006
214964463
45937771
207239975
73212571
251004591
5264727
266648479
180945094
25381855
186451548
147199789
260062768
174204168
98386279
167536210
168268290
56180863
110482105
178679817
249390026
205318806
88684359
82818490
242144902
195721690
166156005
48801073
111950734
89921711
135512459
150658090
233922152
110504454
37754805
225043736
158395800
72138548
8363852
264301824
171030679
247535538
94098353
65386403
195627908
90010978
6600370
207348137
86748115
244620121
73528189
242167364
152199022
173014245
242340020
149093554
84138945
7638433
49046892
16014525
77244036
62734367
149348200
105900150
164666421
207750530
220184303
89922360
197844617
85767560
170841482
241766908
124793935
37472679
125961857
36718619
62479197
231766045
223634230
158945325
215465185
19954567
114054473
61245589
105828356
96118644
233700327
17818221
177599117
154019437
61021022
121983928
182500356
188141051
200211149
94780813
177131946
144808801
3569230
190574350
169724240
264369241
257872465
30724874
137167532
115067873
34187714
205257310
163426584
48750166
164995748
168675858
94710865
61060364
86275704
204201842
61312605
6422560
251827871
5396072
80920029
27190526
202838292
101738118
141026011
181288310
171880084
210210935
50462949
110950819
99831615
178237428
245006766
2856302
36612353
85318608
114202104
219818333
103107258
105693673
161332160
195515566
119706610
197543614
266364102
125683935
94066054
217107932
258421752
154142041
143317011
31367334
202747631
148128334
50977146
177877132
95913778
113503788
186234223
19488650
17474704
259150890
226363423
8561565
257543502
104731286
44613478
80654791
77836216
219572888
60345582
243937544
52140104
55598284
184579408
184875845
111090012
229310034
16830581
263251272
156521887
171625149
116331724
150353995
237633186
265521473
258478367
241338151
2187087
210759903
44622277
205404688
2402771
101817425
10501020
38960968
118505636
4140007
240992909
149908309
136549582
36743617
85819120
82385232
77119638
38677013
263071018
247804140
106053095
55699467
18572490
167319482
9406991
65475892
18185668
172734987
72569944
27351615
4947706
235008917
159241309
101925982
175849086
167747602
78323162
188551023
145029558
57710257
259245311
266671883
22132184
66410164
40634690
17178069
179575384
182300382
252339777
111260524
30161327
155916183
196314654
15573864
193801967
191938323
46593957
161540744
243657713
84340953
239040148
81547041
22194742
4910800
84423721
10787982
247188413
78127948
128336727
148736945
76174437
46845675
8049132
23295725
22022159
256775380
29508461
251756271
127903929
36597771
16104268
169311817
42839509
1655677
52199740
140973677
67354864
54215083
177455807
8204928
109229862
253655461
61524011
160871282
196749737
145278742
227822411
154094040
186296260
258690563
255515822
26801309
32853916
9261021
138567770
251827067
88655897
31079016
257037643
176319230
59240465
212743288
78581391
109107528
189041676
179803201
38565170
109355102
94969564
222109876
43588511
81672665
105999428
185807910
174242911
235377492
51643602
166612670
139467417
128884485
90876642
131507198
184145870
264967211
177678231
24943061
121243888
127587485
54614476
257077743
127974454
15631119
104429117
154976125
143582522
124562912
247272751
110397322
65771191
4326221
32221917
148091312
13392681
234948720
104998025
197255966
26536836
36844547
197764870
28518904
17304408
32246791
94303452
43215590
47887568
11745869
37783680
135240585
192372303
189534996
146754035
68342318
91691543
33113043
212651751
43282266
76846935
99091428
193218426
6279291
77516295
16894041
241114431
25447705
3224965
174831904
174751103
115424602
2097120
75019614
143003680
147658620
26452845
123755656
253789013
141047436
221787022
193872396
255980223
240216905
178614187
23661215
258642831
41257917
43253164
256824628
252701169
126405016
63589100
4771796
118320960
245512934
85897072
191158832
118655332
36664761
210130375
155288201
53992190
47470995
119454013
174410755
55861229
21261240
122908313
122684067
104229208
180521431
160297198
114278836
251595256
99476642
134425614
198558571
137328118
117965042
107904604
205072332
125837811
132127987
72333339
6613864
86149346
215303317
28243939
193439400
158551099
26504470
141622176
200841432
39561100
105234306
88208208
118528017
180395260
31184108
27049465
265214050
172476100
245728050
168788863
178655821
49738832
22990071
65788092
196034312
154337071
116649078
194278051
178760761
149780908
106183771
163159444
92439026
101984767
28322226
213289655
248666639
186560823
16695001
203314496
146675623
185198421
250902028
235057547
20429017
161877205
198961813
122626374
254405230
251703615
145946556
268403430
211132468
238707912
59739226
237705362
130027988
111540453
113536524
234491638
19636338
52283651
123808246
82301273
239907938
238555247
49869340
259595571
233381838
38305694
169653454
194983235
124466451
79529647
214829137
92072262
212832995
79083342
48464470
75499141
127778256
218524983
215828512
7841759
33921037
4796447
7365025
234523765
79768293
192539470
111482508
170870771
58054255
3910132
223132125
8486874
119513411
215176486
176929144
189533957
26314083
172887498
35643143
196431022
101134192
178064124
239316509
200033358
123973397
16614331
192717755
132223783
12549723
59307219
238907232
152596791
14941041
12865438
235524396
101300451
238230821
93420305
189671968
138846986
48036534
216961358
197626451
41241793
88683804
38253064
140009712
14710581
222379227
137829849
50561939
115784167
200241754
20110046
52504909
262300693
240849376
126715014
252791957
122374229
125536539
260819708
50707174
116450234
217596713
83297894
108022289
253310265
15121943
153928162
56076981
49381576
54278094
217520431
94547987
84746698
132633500
141523334
76747367
165178282
205381242
228734616
199089437
189189921
251539540
236211511
252550912
51003364
114660315
727677
207528093
24545304
77010381
146621011
89004776
90574854
87444586
234815130
112483469
145555875
92556487
132690938
153708710
134494608
222227944
209173203
165388807
136669579
88746691
143500438
159202852
99210247
55300013
8918695
37484885
80858773
80491434
4247646
22460411
240467918
157012271
222552315
52432585
119814108
5995732
158041233
79988595
21644441
139090881
231709944
247197100
33633121
512667
188210102
104528312
80028990
254035375
155035339
98817829
24118958
240756228
17080430
237337514
261004012
240331910
27799096
210798992
41624498
178870913
77249965
266834384
63443531
89341085
213342286
81486959
128925391
117300564
211871129
6393980
184650844
256665861
164670137
35157261
229454375
228311968
156128798
234517646
174933958
2403855
163775070
71694781
130006548
127566694
264447638
159460600
19782685
63470975
65174078
22408879
259680168
30928521
268328643
72292055
150530196
236888461
189264925
47393514
134520230
31865653
37231712
228748157
229489051
84158128
129054066
127139904
184289712
239304518
118160265
216607222
42908712
239253001
105188032
107110198
171755010
241905677
175190029
23053955
71375641
105977253
242223968
161916414
955350
216558991
139305947
238120817
92598195
128674249
66741836
235604690
76578029
88760115
211034891
160422435
4865932
10633131
40365574
29328007
154076161
147083359
176334354
37583649
92199553
61556567
148973027
141644199
152914420
114637527
120414866
250457393
23553534
260954761
145209479
68281830
214867971
121586831
24116459
106213925
202284146
108828474
144472659
165196885
73587572
226134763
240139132
58126398
30447156
83177616
73289791
51400222
122303305
48601577
78434236
104338039
254640205
220173049
13172553
214256919
55572031
219503121
206379811
24688319
243116438
224534674
219949519
198069413
26337184
230077683
56831200
84024133
118507818
256908795
96851766
90423255
83418370
135939091
240196432
100031617
209645804
192936208
229001976
564839
184283229
31456694
184464331
159689173
44935118
264698269
187430150
204966535
146863306
235167352
242348495
132902271
200552681
221360233
28811050
17675761
155233818
178744005
57951852
117337057
210239789
238928635
135083838
41733649
31252888
105846575
208399035
217551115
74904274
158806896
19604179
246256679
250762581
91427510
46600192
100208460
75748360
180159388
149057732
230713192
73800734
244189000
247139261
68138549
232341760
122838381
56203724
254806171
84457649
210425956
959442
16948582
173312742
148622743
127897201
76283260
139516610
27576482
235755115
32839477
190429146
140791490
41680347
149283743
220588683
218901915
164771167
241509475
188717633
63460008
161800440
36371199
96107307
128629710
159849823
220847238
137900364
153905382
113450997
47678894
156100074
268310783
184198865
123303966
218713478
22946805
2034305
138705789
78605765
59995904
208463699
107631763
114795130
104705119
215035567
49642062
99528087
183018886
240556304
190554969
176723154
87068024
261169279
212446475
120521964
158139106
26259291
103815320
100489431
72945811
194066638
114089601
117828115
128644070
27748553
204961174
196557940
123503160
242086339
60468198
158746918
226867724
1120654
21932120
159612594
244708632
38589105
137261293
265669520
217277592
159691216
265572506
197267184
33911679
42997576
87700739
258991439
178768549
29640202
204265509
167960473
69569354
208432579
230686447
74175062
77852732
258194139
192801696
21976037
89087435
179279903
31602321
92289836
209162148
29689706
118848794
132365016
9171707
129843408
267062063
254247752
212704355
207940382
147913874
246809508
114515415
111623178
90209114
160085517
210925748
67743984
235338306
191123469
26382012
53358473
46372235
145165759
34487082
108879712
50761787
111595439
98004811
210763400
188045224
108647875
59607627
184895976
124432327
163213020
122713376
43424576
238814366
64261553
43581290
84327744
239134674
152359462
41753181
247716042
243318152
88994144
238678618
200195228
148689638
229679934
238504477
264396548
104408242
187368765
214200927
185020401
113992875
39461756
43864458
33135933
102848137
134491970
147077357
18660057
261514741
154887405
266346616
155461179
71502428
49010511
268107091
90289318
204804482
160613700
222230397
105815029
238185394
151412722
12933453
262903240
27834310
164958132
117192724
177607627
103742688
5039684
262582372
57849990
60188569
166987722
100894012
132824457
38697894
246576079
155711555
125577231
253733802
258731838
258787777
194169366
69199789
117406402
39039078
56490177
99800582
131698840
74460926
251546473
182417029
159987241
98553233
91476029
243666016
52623687
200439207
56454753
112595477
231433103
158773218
226552651
19779974
38631659
119299351
167533058
122141492
6815288
85351273
5250852
118590900
32974605
220442485
196448517
119423715
4301370
241436376
8119531
197112471
43189428
253911381
136294589
164043521
195724294
202548023
184060141
131075054
67053830
166176909
70752539
40284697
208304977
183264501
201879232
129023197
24503660
124178440
54521600
157560293
24417094
16571004
93829346
260647149
67633873
50087623
75777277
68284907
40772746
76438202
228073695
23691610
25276299
98402761
62323007
70780488
177566526
155456774
55213804
216706616
57012962
61830992
119688079
106118163
245257791
245947685
245740949
109474004
165008321
170650986
255847090
55929451
11264952
109562102
62558665
58464352
160837815
59549425
267067200
225428587
52191541
166345939
106052373
110198035
63841513
66755259
69935567
181791538
21576381
134322459
2277726
83658505
18966742
167656262
4105685
55971355
47595665
15414383
50693287
83222702
106580384
104243561
127452122
253913673
5881021
6795216
92612288
193762853
167107516
243021240
262902746
179125549
25103512
100961930
14338113
4173050
159941513
137130374
174786597
144362859
89029481
38823497
192845794
203033731
21792437
192696596
45203457
74807658
51844412
76614415
33768192
70573148
235290316
38288393
266948412
118303252
118762426
41694631
127159367
4665423
106641372
149930075
114313473
29872154
92207050
103351454
11334746
135140803
106155620
60076369
264930132
201987031
145441841
238218389
259010728
198252134
232364269
130935030
43220673
238654497
179234146
266576527
77625239
218673426
252200792
41799067
69784180
38510903
75399450
188088440
130845765
209144548
27566918
96220046
48726915
96396842
149333282
979878
225145012
5698267
61982540
181682734
258928499
213817829
183652142
198377731
77728723
199511843
143881318
58122891
50191072
111841727
34075085
64989474
186191301
184499809
88016237
59732632
183384025
195171329
83187857
262421593
209074181
151258381
259169840
221730250
4800973
168221681
265427525
156068638
211722781
211272709
44122178
242405748
89670674
259743283
171585391
147353231
44857543
108492862
154156583
31043853
188490219
73113652
260222846
12147753
116693822
165160262
28331036
222937090
54466379
170420992
232735743
39334962
204295312
118569863
28308041
232208133
174730316
258888274
313075
259066783
112587732
115540932
115908903
8340178
197099997
82959812
11993141
33668494
167598079
229646875
158361258
87022925
204720756
203099088
229544160
236764981
185845639
38119129
41288359
78655475
97774842
268419821
111343240
178348178
171815912
235726470
105029721
47442438
32711373
209437535
202574767
218968864
114116401
236060388
92404543
17030046
241255744
111236497
32746618
187334248
117856817
31596560
102911609
85377002
213792433
150323962
28381188
68577363
14558604
182865537
129027495
22805320
103838260
108898087
194790343
184917589
265913283
20327222
91306778
10862339
131201817
91530424
103676174
123594321
240379072
99447612
189566051
43478101
82202660
213848414
221820832
184175905
79167574
149183640
133192160
88503308
218272147
191289247
179221686
25737925
247191482
139313097
58528474
22902615
53512581
218518195
58153665
140742189
209823523
37250630
145045322
42663907
28493895
48304446
110539440
237598072
261155351
223276410
111570573
262538374
109266343
31461528
221372033
233214713
87976901
32237490
161184456
228166545
43227341
114129917
103347886
226569368
100271550
162549224
110158491
179950767
149863358
84464342
242758362
87716766
31357141
66289587
68633880
36502595
182391443
5615884
228664986
236608918
6038397
256890338
263024043
258168495
181087914
73962009
111193656
127262716
201997973
261224334
110495532
10532202
163705532
51687730
14643576
255537624
159601
231455718
124861951
72109041
30585016
165676494
56877355
190339182
7891736
52483901
96808792
224705139
243607616
128008990
175942455
137641202
218544505
246899596
258776769
254650274
113211614
246977286
62637263
141890337
164225259
198687332
173632087
148710704
193309117
187538044
245713074
201364346
93132545
251118543
208519019
247896364
88377378
12742840
101997295
171632570
139324554
3302801
19403381
148383710
147945062
257251763
132868689
35784285
121880116
98179565
135146929
164153014
7894075
181778152
217344644
133706841
226501432
259048942
50090494
221757630
64843564
211919179
139268400
47174198
50638728
256840890
105034862
206108168
70085753
106196228
22550754
31933996
221409702
61499407
104944949
75499037
147516488
16046515
52627943
110280945
73531994
1373862
138459585
14457803
113173413
48351982
15809364
172747081
66507153
164467482
70134466
153585393
68328574
247250071
9260727
158118433
129257419
145499511
118910054
144338766
257208400
148308475
267449646
144607808
243214624
75683775
190966297
222524990
230056597
251611739
212510535
223071602
147281901
96561576
235610739
142579246
212093066
128451932
95321669
135604979
13805194
136506369
45228942
174195828
59773480
97369333
9029402
180966356
193655699
227760952
256489022
633035
263964227
62913478
36481074
43807632
130972844
64332364
159213002
195130615
267563673
192942482
199865618
185914786
182984687
121026020
17385725
168140553
256262628
246923991
194453793
214240496
127260716
134372691
42586436
173226716
167467510
243770949
158067951
139526493
188888016
166327305
90919307
92401727
59768214
123861930
151388747
154033631
33414464
2360497
139161902
8207326
121500800
206978296
175547810
28404363
185058153
96856264
253064602
154272293
75883536
150845832
13673612
4162453
4610069
249055436
80318157
158708462
15080029
215001429
170985278
260635095
5638159
109224109
55673325
46430232
230898339
38260638
248228957
147841320
185761737
95985166
237348118
29612566
48740392
20319380
63493793
47462684
172915160
97061207
52629532
21523342
231989282
8265167
39710335
93746217
79118490
253019361
54597341
219730446
26493372
259470420
113440589
192293133
154939099
53780873
195498994
38251669
89765613
166371566
79811770
210848859
177298547
198647040
122258283
187381735
29699159
257257132
258432479
74554923
125368643
245579998
207937585
52652651
2219758
183217445
133297914
29979492
266285376
125641273
43625171
1136847
200220073
222092131
193324808
162231054
2000557
13218077
238598410
149037626
170306601
182786850
85704926
47573215
44823817
255545015
71436658
253088785
74457653
170951921
130555507
180444709
62239835
41234237
262398296
15755968
113366146
215125631
99858209
216783918
113147366
223569046
216112725
117131986
238864870
195890674
112306756
131544415
69500165
121844268
69722140
15998737
168608182
148288541
154680980
182327148
64050937
262268224
68171463
120118305
233801600
162604605
187552429
125879826
175119003
154468410
202879792
30934277
215665269
141744696
193945267
42940443
167604578
210012781
202420292
32709797
72544838
231061428
173126726
258378248
88570850
253587120
18693095
199429338
122296984
223832529
237391130
66119737
196635809
217080381
54017024
77073932
181836535
180333130
250356023
202090168
51084923
125523809
25592051
90083269
221995552
196551499
112730756
28696136
152241123
255699124
22800350
235938888
144045937
85135478
104872771
205121848
180059193
256538373
72834670
226921578
177265363
112108426
147229402
186335933
193233121
208058850
29874512
107330597
43943910
53989101
77107705
164244321
60649508
197348999
245979435
73257407
210593
158814838
224485043
6700569
216667719
149542323
195736745
67749986
127201602
192344317
238938426
117357659
175227307
65647695
135505584
192060822
249263294
9445493
243951032
184246519
176946667
214809883
13699196
77530906
121826589
195881403
162819334
201905042
89320437
142009626
206037161
150803952
237741664
137334494
202417528
209131134
109801805
120694575
233354814
183893627
232906694
137447064
164953258
241773020
196742797
233053317
24645933
37862625
83427038
67982836
179798423
68279358
175640522
200105830
26823157
34284853
199243642
214074290
24082747
221462771
213573836
220465567
215412849
251250440
193279587
217976882
153186616
207269169
205070562
179118412
262979130
102176072
58930914
139003659
246426453
76018223
216100504
34041668
148581215
214744543
121725739
196320183
4731283
171612105
107748335
56366743
159505779
209614185
195161635
141920570
129920480
30355603
61470762
174798566
354454
57407763
150538533
234477904
176184774
263744712
152219044
160514514
111056828
78646722
242554605
15001051
126655026
44960690
201464989
87451609
34266564
81612202
123372946
219918674
39128195
164519706
257276949
35565956
230526625
34603940
260172229
237505635
58297683
219070751
77877592
56449670
25866540
118424068
70376361
99259395
74799330
44013489
155593206
59529462
184968819
186861793
253441403
152132726
47078319
47767605
257259251
33624419
16229376
89324763
47320705
166771708
187194251
23685524
14880289
21296408
200614908
89191812
42844194
64310374
140171157
155276146
140109532
185142379
241390300
57923131
91955593
15676803
98882365
252595305
121579812
7001604
26275506
16349934
90702770
117539142
253129543
265394283
179903087
45074171
128064316
258971341
20310920
185620396
101281079
83915917
1571206
256529163
87737407
245424885
199239287
194264782
33267335
213553162
255540537
70936649
228135387
52191199
87908253
101245001
124984212
59757415
50566195
261426732
228073213
149983020
82860470
236332252
37272669
239492307
234028289
180859177
4367645
28664954
73681592
45986811
72969219
174941082
173015015
167463941
164722761
125610337
253859048
101143519
202108973
78775728
259318247
154308100
97748679
105224321
116073339
158070704
134333064
175619331
34480900
127213652
222928464
9101798
188784306
36862262
195345740
237245598
32597069
189086711
68656667
158765730
159240502
220523824
61228776
176696761
65632678
217563852
102179565
9368944
218661200
250067199
246076005
140903921
80024728
89566279
124596849
87437754
242548506
35620961
94697989
56853447
178156284
62319795
18199748
224180422
252617510
36807077
105795196
262208569
194367859
14621158
237036454
69952860
142732597
128740293
248978726
142548007
82273477
264971141
1775701
28834873
161234280
124311334
2962737
112097387
22788445
186699940
101776491
188950742
200832934
180660636
174282860
100019776
148838864
69607476
183927054
9228635
65507239
106212668
19739838
237163030
8875294
197405153
121939334
261010334
54377375
222107261
109231139
227998185
127468521
53118037
7472530
149130611
144654217
154590886
40638159
71398194
163428063
104896668
110311187
52980824
100879527
35980091
23000189
210110211
221706504
196575716
160071653
203899384
196358756
204368695
89550683
234693343
111953715
8482976
162612424
239766357
174234862
213143222
58821836
212686588
132361360
225736690
123445785
212350718
8102025
75060678
128081839
261838572
177754924
173073323
49657120
134354812
220274973
135815677
161648171
127478358
113402329
158401250
50868375
208074955
14778085
9800194
196156656
247637146
139886132
133035424
164436968
251556930
58648914
45225292
4297807
226560509
131549531
216757830
220901835
219479827
169897003
183737556
238302083
13095485
177945528
115306109
32119850
241270267
156967147
146741857
229677158
75409389
75435627
32136956
208091914
229155379
3773259
188534817
49297558
47061540
80118611
78956547
27522664
224375509
35621895
239134576
22599635
85775097
24937688
106083380
225451580
226983686
190421880
143010604
44285215
155608842
186543196
198354989
256199301
55792265
36939915
35436967
119911082
26802450
134428787
206632
221844264
199658142
68289884
72719458
204945023
174356662
146243858
259839582
90351524
12704775
223792055
93114593
35938516
38775197
40999500
114030307
231688032
25747330
222697811
86053715
241787064
206967324
174648763
192642226
111067292
35213584
86422936
219085002
187596673
129779393
212386150
16623613
89063402
93218499
95104497
223776361
53947530
247967874
251484608
162337561
114403108
12724048
78469688
55603113
207203810
77596323
174118642
11716629
205844130
160052653
93247005
233279248
133690584
154808598
211498832
203947113
113083919
183804009
36986085
68346905
32648169
239526861
57494236
119561522
258904198
265873273
45564728
104125690
130107752
78134892
5435272
241904138
191572690
19312875
60565966
121967423
43857692
128093728
56243494
215161027
45911888
130326235
147314044
145481755
99506052
221921153
25830689
56035427
74583011
97685762
80884338
239905044
5522516
132060311
27553846
55027341
38931580
65073226
209506489
20502691
160067787
125202869
130557191
95458164
21810383
162802837
28242316
75401267
42509105
222289139
137544731
103640983
54662608
22750797
40259883
197676246
250758560
51139983
205779310
134107203
251479705
46322217
100432100
256761715
135507522
119172928
71037842
78895515
67801274
225864583
100330940
251196255
225017481
159269841
15544888
98391144
241987098
128061309
226848838
223680418
69953534
326265
160515568
107579828
201358813
249577582
148900924
162360413
202132961
153693595
82756814
212376484
79873397
207739633
126360501
185318935
194451851
41881943
90148628
176302488
121809602
183928005
117596887
245520966
64742084
155701399
151549814
177053998
108125831
154937096
9710683
37747596
133990502
117566688
66819516
208155717
43480417
208474713
85943554
32720569
46646075
35527649
51126556
77129821
40539491
236230828
239138863
255082896
184456755
29081760
67033924
124182624
156091078
7052429
83243265
236732445
217240105
202900708
224420388
98423193
90213063
8896398
63272763
36308273
220332868
169659338
256209215
236636048
231718955
64726625
214034697
195948433
58566517
255726880
204393279
232422832
133696576
67209248
198581572
178023795
17989322
174258038
152725219
116479756
226974107
243674014
45861112
252985040
178408263
93189686
137748668
32983136
223617227
147941499
6526533
24925185
101691712
52788681
198945152
162446153
57165629
251257944
23568884
168666103
198734107
188719861
158350908
222634145
235129873
67402833
222015379
77317666
135184046
162678110
190340218
184928798
178155163
47906999
267753743
153405036
176793770
65964861
147474000
229238215
91987677
109776229
72951023
191966215
53750253
257259648
244719851
225089209
8468216
52125559
151464635
124698589
44386199
178670942
106172709
55703867
27190585
85696050
27090651
196512544
75692746
173951927
86152976
159110459
156259930
244204814
160181707
7340244
176037050
214955920
238920867
66306064
245696808
70305537
65701742
3675501
267263722
4201829
172297658
171870083
206449526
19842398
226043574
181672665
95626899
221672545
225462180
165721344
265553163
139389704
201584843
65731762
50993471
28429320
152102405
232238689
138392242
52769110
191180645
1708300
222794371
141034273
91987231
84622926
182404909
629892
63213000
247574633
61553524
196545039
17369067
114992020
129120024
158474236
261561415
33142966
8184297
46835564
4885197
20161097
33117261
102375232
71907443
234507824
268074967
744271
150411855
221904079
240105031
259430866
199193527
233176690
248815846
3798791
223816140
175741751
90650539
221134271
96115308
189423333
227751212
207171214
130936022
136915406
135620383
66541919
26729775
230152310
26505670
153183726
212680928
83898153
155911429
23187882
178953240
163270276
79351547
52511373
95663236
214003120
99731098
46885929
136922232
210141269
225092666
74681992
211618202
208058306
190692757
168634579
195566406
101222759
66862861
263662003
207334241
28999498
110264767
131380319
7020010
103057790
61659563
76338550
60021743
104902617
128457398
182543338
91373856
3973487
252378525
205392923
102849185
206354373
233730413
168205669
215646668
104039894
182075674
197174758
111053569
56035277
164344977
206813638
206771742
104864165
227479313
39093891
16776473
90428402
227039006
20061253
242084050
136290038
150286630
169921560
3445115
203333178
153021797
236888578
65151255
182711825
146211242
96189969
263844395
166124039
189145154
59453553
60226490
198001398
97464925
103142201
244505814
194007545
212216833
54247750
202443315
103861258
35115838
41547153
196636386
105442430
180802099
221760522
149852391
28365726
86964043
249753578
45288084
74642291
190806680
183046910
189349532
153451718
118169101
10618570
109748874
50800512
105032988
165439001
248432798
45427270
40671535
123979070
110681420
205875294
251072763
165631819
112296166
28692212
138363618
182646012
189424108
204778653
187682208
65109539
111980882
48733139
37400900
66103515
157829458
200901894
254670691
23262273
88278961
170567669
198615438
97114055
25766989
1754681
211630560
117569902
184513961
182011558
162712043
8569383
162011954
205416379
109120165
247059741
219200836
222416484
156559839
30766178
238978050
31524399
30401302
261549561
86331792
196855766
257483899
117470222
79600241
5407160
215097127
238385479
7349018
172652086
95676968
50708605
126243347
101648263
250344361
117358845
120797228
80113733
24352691
95304702
12989895
58388414
241419707
169210178
205636413
153884332
100965943
114094661
12610825
187076678
124823213
134226961
141570113
259170810
237232948
225921178
39193046
5568654
19469099
189720410
22263076
43090763
191736078
126634040
252040914
98417227
75467054
176066915
234731986
172765932
116628335
195864548
201023820
79437820
211664147
130793366
121820119
3081679
66934708
47075076
49416154
234640352
64087568
245214553
70447410
12949134
124255334
185086901
267277840
197023066
44723963
256504921
183551746
244579881
143962890
63812099
28027826
53393362
226243187
203698815
118980201
241663997
160419746
136530212
65500376
236478860
87933723
267037915
10419106
202527766
227641775
137784002
238235600
248484358
194049101
117356839
48671328
101785872
258203364
63977218
212476914
220156584
229149619
76131416
5963850
242822335
57360493
236026240
77365826
170548738
100789982
48463944
65022132
223653015
61247939
216294480
55708606
68878340
77944430
223685688
98697496
210980261
113516698
169426092
57001839
210398575
149430245
218721390
27140047
75433487
144711964
242628576
141509030
237600760
121198688
97676871
164334990
153456356
148109078
45951103
84521028
267469935
106582568
66051112
39897564
95345133
149662921
96474994
103231477
103263295
41881830
227171120
58919190
58972504
58183549
58783708
60452159
30783556
13340143
10780218
201282432
85969182
151421250
180808337
143733522
230170442
132422641
257013380
186090775
236023052
240156764
173525246
250487427
174947038
264542835
111723647
136235733
852978
163231413
200628182
151631531
225703390
109514862
170245526
41077493
165346664
97795192
177204520
93179504
196883426
251331764
231523422
74888020
249534407
7723918
171753525
235082330
80753688
24336718
112846477
202385287
89113985
251704789
48243946
45371945
43810033
216418782
146265082
90763814
141668897
146156586
108435498
176188313
154311647
44134368
27821887
74256614
67302437
263318616
50378461
99001032
131483624
133098128
69137227
14433392
177333613
68737101
128059012
149370214
41474542
140524114
259474375
155412133
102472086
239329344
10938289
216143787
263338735
141159647
6553159
59835378
216169522
61477480
119926433
254413405
182706183
218505038
251863447
65563070
146720727
233650473
130368961
45317565
196534732
38592520
190385300
139783901
208657471
51198550
6774172
159337434
104251012
7005543
206549355
31697199
265064967
133337410
8930061
213871359
49059355
46064309
209780248
261499709
118081535
125864575
21227463
24270100
164812732
3444114
175110881
191669499
155061074
29778097
51022349
99230880
267317368
222048338
206960504
114172150
18458451
241696628
235249581
232437436
23405930
56659480
196257181
40434468
205023179
221861486
59435129
226325141
263389150
24043579
17937082
246384044
131369267
343856
15591948
126545712
13389103
141562686
255835330
29906374
242699648
206425181
246507216
20153916
209917244
195567900
2493550
41749733
212503454
153588726
196586919
98336190
96472836
63654815
110238182
14425074
135174290
64378766
133805649
185169941
57667530
81370794
184436539
124530689
265559734
217868800
176599349
143303612
18581649
134193287
57311937
214501712
117358668
210754257
135937900
26324375
163619634
188514847
268279288
161319646
23184048
211864293
75329154
165896068
90599161
262522683
177729993
117051406
205599276
165312218
221041920
208162261
28771699
28324964
228617163
254744466
220780966
70887926
62383226
75870710
7819914
138275614
40894739
218403846
251373875
229561600
156412869
215732463
42281581
83308995
89318069
242818533
257980584
96935312
161705953
261994373
115630933
54165677
6528813
154567531
71889241
153728579
63671815
134221477
181497136
3186745
208974915
10703817
101401961
137018320
152115470
40893795
134595472
157140761
127924620
34153712
177816146
239367519
99330712
257813354
36257350
142436248
49009690
113499185
175726796
6210533
123113036
79692208
152680572
195985860
202291191
18487684
21587290
227124399
63576158
162987272
92564742
131416397
247498909
8898186
126606241
246240597
234749933
154709477
79579609
109953127
257132102
35233534
251508674
141157035
94802136
231416316
88763940
208816371
152990650
83768040
173109754
210954133
183120122
249451665
189291912
74450658
222142046
29307058
98024849
232555482
54435646
93278623
178249363
181784651
67972002
5790527
202865424
160791465
188670502
263299488
172284891
38735134
105461653
246891437
148840682
154709079
204614213
80676944
267586944
199387688
51953981
98241830
45014702
153585939
233685676
139790727
123667197
253354928
215291201
90090898
101575025
220258766
206123050
253590456
33500789
192225289
265946533
50750924
232655215
65714208
244384501
102829288
63272917
261455212
75035657
240376834
76687384
263383666
245530709
262550874
13653326
8140055
212349517
107641838
56947424
6404148
12511070
78510410
252011825
156923889
31571947
83834242
62313881
213832082
201654719
240284781
22380782
177880869
154945647
1514642
106023159
153394563
53589501
265941088
218110903
160780199
118721450
72388612
180892655
211638528
205166849
96893085
79444488
63291683
56994852
118857865
51527189
182896651
26430510
134534934
118268217
135793969
174689525
267205194
103110418
3825141
4251091
127931715
58078152
50195653
56395215
118935616
124918756
152910550
22068054
114394458
258643397
183410599
145123982
55736487
13307683
176135666
38218959
230039765
242071043
224705062
56429459
82828052
205912078
241711957
3575689
167639748
209775496
158624403
133723169
136643148
261443606
48391893
242469173
247433369
68692357
51081628
179258912
137339098
89445128
241748911
21017060
179533210
10610017
22314200
12537997
196039628
66386416
10960482
230833948
251793159
87754143
223941335
177687217
262593665
156372510
166082047
233237217
56506094
235126853
137175508
226841991
204036188
233277684
48631323
164688880
102305636
51058939
169142126
177897007
77758085
222743364
164187939
170706290
107718013
153525862
91917933
70492545
69296059
260377791
108641159
121727058
144174009
15986828
244684455
212443269
210165168
256873476
115591665
39298003
143457193
96555817
91447650
118427092
118171054
202667343
212310742
239549216
75392551
237057624
183670137
98099596
220418742
203077679
36684900
57960448
114489970
138915373
165017483
245875335
122131425
110422411
171669761
98830236
1538774
49658018
66748068
35125490
145181968
167934676
40809312
146651188
68630695
49979308
102752892
81377393
220593768
230110649
93668564
139148641
107008869
3203104
248838573
169448557
225837991
4887792
252979937
30382694
6247230
223931187
186459397
197341693
235011279
151906645
166412523
246362190
148371690
66418006
140678664
174645421
76390727
4359267
56214702
12824163
174956983
222218987
149637029
188422588
155077293
182367720
226433609
250370522
129095568
251745768
167304615
161157418
163373153
82838357
235706142
108570880
72863812
205218142
191330002
177688761
233692142
51701810
106586786
75944621
124353387
54098270
124725235
107838090
238454519
237742185
193039924
118575356
263684742
132504209
211175469
103465409
165651583
192723052
187149601
210920604
102665627
211557792
158483128
264180790
251491971
182343815
159013432
17290434
237071894
89249143
33685537
10508485
55224482
134917532
262165852
183288452
232084051
172066279
260690549
26781800
130944053
109820259
38375193
58170482
254132487
254699249
49218594
111166969
235131908
190066874
203294193
249310713
142110329
253537589
62879511
159617969
15781319
79036892
101058870
236370714
71124683
246754027
117335382
7421456
30517014
164722169
29353357
200640572
255115989
115618112
237254856
97302061
123818926
150644318
174823568
4096507
140894235
190596477
187096628
104729617
36964698
6952690
51795491
223429923
266627002
77924580
172146746
87791021
8131886
98555570
57741375
111941702
211769663
66887050
178889515
98397572
118973583
90057782
48178111
212879142
230838185
250192411
159354622
176670155
141014475
114712027
18902024
16002843
97139715
145764452
17728244
69270105
3525369
245694088
40670569
148031011
169818287
91622982
127714014
93578413
116592070
94311153
131397683
101031865
151108673
81332483
113451848
190553898
185998387
51625305
138111479
179928561
172047406
171937067
25702702
50028136
226094646
92936988
56131059
5220626
140272859
253104118
3773573
214228802
220374899
164998492
225491044
187429341
166589878
7048550
267100694
162707077
156703828
267821543
155277725
59319586
19537187
139302786
180049791
114066947
242813676
261068651
54996683
3840604
258187158
38219376
114382508
21948602
196917875
249109727
157191342
215015315
249711455
219539886
73325860
23819394
190542606
1831049
107261544
32623632
104057764
257430239
165393841
255409643
59706336
176122852
35970848
15084053
219774552
190291170
251448117
200407803
108658770
111719175
245494284
261337685
53276438
16150072
220240101
133523742
248025030
104099368
110979894
197988441
52949817
94272146
149243776
222978872
152900629
66163447
138969749
255674261
166457533
41848744
155811026
169304129
22107378
166774721
32072570
169878635
37264835
156235799
119483818
173578803
265323800
108370987
210510938
230691343
29784521
250202669
109497202
235959985
111407889
176373102
50692013
113410370
202905749
169944395
154285245
253011841
128966668
80986056
206673153
43161744
178104448
57048807
79775810
174504114
113402108
245686506
53175721
205340584
19947457
95469391
111280358
82038274
137095870
196548318
157816208
224189653
203542980
1830216
181818736
8702689
142273992
33974364
20526067
143713416
47078974
194205425
177288907
200105993
174972258
9168963
36161801
89778294
135192952
149137865
197772237
1929831
43684830
165631532
191514176
206175215
239331340
265185234
245335145
229234292
260602641
24825971
163879602
228839945
265523320
222453202
119368319
137526050
5556147
158365601
231402316
146421356
185321621
39928461
227938221
263868400
233424594
61203709
268135830
236645496
262625600
34718031
96322429
223610311
90701476
168376436
15913636
234603640
112401749
76157033
25393095
164391943
13052288
215256589
123763939
47761240
48497511
221545444
52307210
115756025
38350374
161116925
164347354
144348674
159148510
23966297
52507526
158694779
167501933
139715938
132699264
133301494
72204837
225115237
11566679
258281007
16734625
14321396
74112823
97588946
110577045
184949943
83857075
24810818
244284507
256355226
29685910
200730528
238655578
93196856
134362885
53387704
73251718
36613835
53456770
239737407
237160697
244794710
115032130
216971438
84509602
119033382
84892562
99269138
249358218
178454
154479260
117835299
261063936
3615776
93379885
10853721
78188321
209257113
78439720
159222758
189650258
148902009
179158184
215143088
260957359
108336031
237211733
79595296
20683870
245146239
44382293
24144748
200178549
37470182
81350360
179660613
175825191
126779960
31994816
135915984
68816580
217333164
201106211
217564525
87541677
218911052
140313673
87080934
96483138
33190622
235617721
20528255
204805101
98957777
97738634
82490053
132529095
64062825
266581124
39760841
13348932
85760501
172565113
113099714
106061436
204754092
220509772
160065225
174258196
249231537
139318681
265816918
38835781
38193024
252518975
162999597
139563931
247233736
188822294
213638553
46917902
146173873
21427741
185353569
182385522
77284819
165771035
102916778
267287933
107106410
235609213
138671343
10250792
32118445
149349685
75523092
82410091
141960253
44357212
224931553
44157096
237664504
95971452
215734176
44495117
268323504
223771819
168824468
228133750
200452032
168896389
262126552
94517807
89277506
3671017
47551405
202140245
50607900
8233968
116766654
174227854
92834314
59924986
9055080
199384774
134073037
58991117
45728252
126566049
68423934
251330179
248453886
229187399
15440359
247015652
255335364
127819462
140319970
4662354
197562544
261666249
259764597
203016703
168249876
85630707
150450376
100499782
124484838
230533159
83106259
198353823
253046043
262348340
12646787
20577457
228899580
220366505
201092043
7659002
48074454
38684720
261894949
97006568
131175714
200179828
121656447
26615777
117431972
61679355
62815134
243862053
73119102
165381105
115381329
95767033
138882309
27890682
6431748
109662623
61906586
122191140
132284203
136473147
55246323
254670578
92851643
79202277
244468774
5981053
51541370
153763604
226943834
17640563
168165398
116540854
77103579
235196153
241112977
39393105
152299436
228255495
191972110
67074078
204993960
56702875
68336068
73557056
50254182
113169502
219676214
188575627
63040199
246113016
135338720
218252368
129003194
56633141
266141314
161637041
110172534
87523226
160368414
110901146
190358821
27398321
136554605
190011368
206789593
198444119
28939775
225075445
4989708
26846159
132352238
179281613
221205178
259454835
59431634
74262232
152543090
156814354
127612786
245672782
118005790
184718524
48180485
44744733
169973473
67837228
113004003
247232860
238237086
29220506
44002486
169079366
69144307
171533127
29110978
79706595
109345807
43403934
165846923
109198323
231351761
130209927
144957704
25298114
65816578
132267949
161563793
200558251
231705413
29703123
177408294
140494512
35870546
186387503
45149823
179044763
8983424
57290513
156866182
90589009
115516391
82211215
198241503
258811904
178320391
30820219
41876522
23589510
130053876
139376905
186706336
47457277
130381435
56124443
150306831
241521748
207253323
160194541
120389191
28511072
201880937
87604632
12575803
38790381
235214065
120081696
36942466
78458326
81564926
229420815
176960614
70899343
27027262
69169149
206480001
1630343
90464279
132467045
19963984
5255044
168810822
14022191
247346661
143881068
237862656
177748330
98461242
219733547
168239440
41621397
28991679
266257658
167876934
141045239
232517089
215143294
169288654
48376345
234536485
200047823
151773883
27585618
77928732
144880093
19906256
247495371
35993547
105676824
216397184
136738633
151440536
265818184
38327481
1642458
74819632
204840702
55623515
152092688
106799561
56207952
9333213
132397111
137693601
32566765
126615466
163306480
90232905
155490635
243311466
38173140
245371600
238565804
240982878
106208659
83740147
2211463
89072090
138587812
56287724
83741192
67265351
177970601
209783098
60752696
120614137
226082999
26293837
67173629
205095855
18649662
223884550
8129258
102384869
87673916
182365780
182671518
177382581
71571580
172909168
18377989
118431962
142403489
266314347
181291798
162613931
177921120
21992042
96110164
202091793
92246766
243646064
156858653
151193930
150369940
21437166
161913599
181221098
20495652
75632884
22597953
23130919
178103573
111060444
224473893
78711786
181222769
210680836
87215027
136294295
21529713
68146437
226992032
250654632
197502196
97301443
125105684
184185369
28956124
114868751
183239166
165509920
254897777
244029445
236918096
239000585
210035704
34309743
37807868
101477811
186915781
133889106
1109549
260293601
219558746
98370468
219464864
72573298
145807951
144342557
42412640
174847543
126299238
10618129
139504737
45210326
96613882
218723869
219297753
196993790
56001823
70649384
34256140
236751356
38178553
10474820
258257798
96299984
74208658
261504701
255782538
38814345
34285333
37150250
246190276
91915362
109865957
97372127
225157865
139456591
91907058
139582711
38235245
153610044
91925184
211688889
85816696
37978080
8005207
100618563
186301670
77144725
61379420
21225515
78054958
141170569
179710184
116993968
127470897
23598089
197539075
58111512
253480425
117466961
143469012
78712087
33426816
149979673
236965710
58423216
20731921
136902468
108792432
153482223
124072646
54538473
198126431
5923315
55420724
197168007
252714371
167497976
92742055
108645488
78866595
191322553
173733202
232155623
63159125
62377358
149829963
260874089
21390355
129389036
134935941
105564205
37589703
22283779
208845689
147025738
51235344
155349822
203777170
10565216
13364241
237210468
121522392
170112181
154535944
33854814
166356273
110724350
226127979
179848032
17437048
49888508
170800972
122703134
15772254
78682688
136266530
175905460
76662856
101395012
184045658
200357843
2804345
16363555
97657184
9980561
236136031
134245174
51145655
120476646
47649969
203565021
214817666
214021740
199005641
160912978
112450792
100969191
70888640
33368488
57221816
34986309
254345183
7250014
120621528
57179742
239013500
63115798
92130590
182916751
245092442
12559432
71561699
66947
90104930
247346586
4979765
84247752
31101868
216494976
204108476
22849832
35058352
80477036
126332168
51872484
92146043
112606677
76563584
29688097
234788091
70030894
77158623
137641175
146841544
162099979
47776373
127946660
181039779
254829280
85300371
120220395
51144461
57827234
247042835
180273478
161632937
130758592
96251330
22392457
268049227
165546361
65913367
207949117
33312840
52015105
185864280
31462142
267363694
130464541
18004949
75701376
245310482
121140810
175143114
108386425
64237939
200999313
246942398
191494608
117647353
192711702
242617877
97573936
219625281
39276830
90422043
113019842
88201986
135047238
41247637
213076404
223615807
43580908
141345764
99701593
133547684
259362012
18762911
245784427
153115343
104837008
96431120
86828561
124372886
72218592
38427410
243384456
166207140
50684276
3973052
117619790
214950570
110188396
242395098
53735552
4087656
23543499
38239227
12748639
65534888
3052799
170025982
39692242
177066643
160011319
151279496
11325161
45280912
80372251
13562402
196632212
32164313
224994127
186808913
168665172
150317006
221220687
214370311
125440229
179705009
183128217
129551545
40667165
260665538
78456478
117860625
138581369
76627714
204157517
153393525
251167669
29434797
41473245
2455598
244294522
21115571
250396115
22264897
249983145
5820954
77123769
180132940
109076640
187054011
49898782
195067108
247874043
40241988
43558780
28656198
158227353
14064637
122227547
185833333
55320724
173712911
181582092
78747446
65356847
151112548
144038074
217864166
55758613
180864247
45343008
206913851
175196313
135614644
50132953
252845153
29412345
66465928
6707622
86196092
109488798
248805446
3928400
19970371
25211938
167196103
255839694
197030734
142669927
13707715
56897168
24960783
226256145
114762569
149693905
28854762
52457617
66420346
239851135
104202850
46288972
245089062
187810422
166940488
12408239
154716049
250266256
200712293
86368974
76639901
124284207
22640055
205868373
152792429
7391492
201301334
99897790
113774946
93957091
250881980
161777039
158480766
227305450
148403835
234289288
109029953
235479210
160048664
124290423
233917019
115383821
177429354
151282101
110636870
77525407
62229710
38313528
137353985
143762070
158070788
185445303
98282624
161760635
189196812
256016081
216859896
184612107
48272196
88767546
109147610
133743911
96774899
223131837
200016422
263325933
168671683
37138850
116185873
222236660
257915484
245372051
12559608
182391357
153315845
116125470
173895990
11026846
53828460
241582671
5287434
156747692
73995877
182246750
82110820
68657730
217245834
262100334
221996199
261202020
48490036
49773190
35508724
213527028
3488084
86819109
78162865
96242914
110217963
52868596
196903875
75559401
114052369
30626762
78044715
254267450
75025491
148927593
239768245
90405302
206549481
101864982
63858938
159881401
142198508
24292780
163142025
93357328
218115441
111056482
29899319
178984393
199884307
237348312
52933690
74656602
160443102
127159094
251842688
266053759
102015745
150260998
93973121
225900542
264860383
72882607
169502202
140050877
9849282
240032561
106847921
47395963
76156981
72806483
241180745
263688245
244344246
64187346
53389413
91247834
181010411
228565779
63310546
225469574
199724834
199094565
130286039
195407414
61483860
32318975
261893309
112546045
120979079
108329753
101257225
207645103
232348278
76193743
131854671
137388036
226479436
214806076
1945000
156672364
189337436
134055451
43245893
36340028
78089812
27194455
57110769
206371462
137239307
48895395
251847560
238644781
245268488
118569548
230329778
175998626
33171267
175527
198068693
121100606
72805934
48204366
79109569
107237334
251242036
223338958
2088353
92850324
7178470
211382155
137653735
149289487
181815069
220623831
266837274
162629160
126592139
14698104
9520442
132820374
8901058
226995763
104476951
173818946
227918927
86092467
153544631
142767014
79141727
210252007
134093092
255706027
121935049
1637145
11365180
166231298
152374438
133046639
219907025
21983695
94857233
58598971
142153232
58264184
102250524
166307259
1314993
197462819
132884034
242367203
125669961
227519850
170451259
27887702
23612877
55802349
251019313
215946869
83727520
8524754
30911402
101550501
17005616
51676762
25384242
253171982
107186301
9415439
111246520
75111446
240308899
57206918
66206203
134706768
46357
7565400
122773599
209543935
5113447
222241347
110366978
116665153
246830571
229348687
9140329
1783462
22465400
45362906
164253639
52651994
108859353
148789661
149999374
248683901
39800250
51948396
253011286
13998431
45357106
144410825
257669070
209387537
6898216
243517688
47323238
256174216
79087130
52085657
16855955
54454468
85278895
179787977
60562127
93627131
167812225
106189
117578883
36838228
231621085
63245357
160395836
69684793
2885932
31284643
248289074
191255533
29703754
192893708
187938451
71276334
177576547
149886403
8314478
37846334
86148104
56224951
169635176
42395676
179224505
48682759
170137519
47263016
215410133
31688746
165315560
258856281
210597233
248395705
258102589
164846983
167584581
23950857
254041869
39789938
235889946
162913051
118981572
257065
200202772
186744905
227167554
202771663
267881065
268082636
164247205
90497118
116801242
2350081
161123329
219138074
103713637
78423888
252295685
224475159
89615029
166035165
259310651
253567750
67616697
35033383
84532196
88595899
173931536
256099417
175354476
7851967
32115208
150829388
266258466
91420891
255468255
38104060
267074236
88413272
169220766
31220316
76269284
226866257
246762918
66463489
204481683
76744996
91995784
216847797
131358760
98572453
150558967
201824797
228058166
168380702
76494709
40089081
128522865
98382252
150969356
129069207
193002466
146741024
32286513
165198387
139078423
107881880
118673805
172961346
93503751
151881511
115589502
242178174
198693604
179186732
66325857
104698568
129273788
249388624
93303477
15077408
115227263
132120299
56436093
150140015
125117777
46717000
234427227
237811199
90620522
176213466
265149263
161845519
67699038
152566701
174874773
48980980
103928830
18847273
196659334
59198867
120309192
217571382
116993519
247711592
21488924
259151693
67098090
165116879
126516587
14952564
76300640
231557819
211584530
196841587
9648147
58903167
109576454
156002108
161795314
12158838
159655490
221214913
112472380
163205258
192777938
49426314
214255088
63582716
224436711
49169049
56805531
66640287
30926033
139565700
94439868
124206307
95678684
145850863
141722709
51427830
113833765
192862468
57247679
245299800
15837221
243117738
102809969
231355968
17825225
97516219
80786987
112128669
144884938
227548979
94000610
206670099
247670581
38308171
75902614
49019596
124032740
56527315
2412640
111541159
169437435
36714891
47263242
194717538
53413794
212958614
107241523
262497518
214561444
68229808
103663317
177017159
142548426
219862863
221691162
26090860
154594754
123322713
160509910
68249292
102383650
62594463
25984129
100220421
41730792
194536313
169740407
191591051
268377163
208357273
232327783
192189363
165669323
242421201
104744950
130875234
89689843
217022006
141264881
139710586
232453930
209276428
207092673
202505713
174924613
256434486
247343097
44365737
37831890
74640643
125817167
184252511
36567856
168086135
156814340
29647290
45280718
263149200
263236314
69016747
40846407
114630149
11031331
251639645
78165335
251918049
48222606
223543683
83601443
240614676
223806760
29614552
57973359
262998092
238165948
188410901
8680730
184948480
139349694
127519832
156588582
50823810
159721410
62600518
250748937
160494501
207204729
153927718
97695745
103264336
98165221
37254346
37098544
47659850
36692246
70972199
106993152
207985570
178436705
214742707
186316855
196561088
158835220
268409786
159266538
12905942
12863088
236266639
134810831
143439989
236260536
260292246
240532917
240887653
153888922
161239994
207675912
216853727
228901362
265474439
68366766
200150189
140005317
47702304
95946564
130948038
226594023
262964136
99239749
91943820
14901822
5349519
42223504
180952742
172181510
181354123
108057695
198058622
220171722
66500519
67371851
184684081
100944616
38040815
252440287
103032333
154908090
87324343
183347961
188676121
75307102
152309277
49978521
190805727
181195038
194358730
165586456
218043543
77141135
46538870
144557202
117412686
231617090
14935942
95018093
144733156
105342968
67314307
69454725
243819088
31796761
254138791
198032048
39449735
18426446
180407841
260429897
76379821
2809946
87622285
199006902
43851040
21762119
48384237
178700750
46507595
233411471
261020201
179389417
41175633
161293453
137615430
206291684
107385023
215211320
18964802
256440876
253280569
79119748
255116267
112384475
150570095
41458940
249867928
14762459
42657843
133183189
94815776
14282398
83722145
97519326
235445310
204507520
212248734
113048989
185629555
196870401
219461041
160289443
240087466
157452524
257213855
135029383
237466117
70858702
265535010
203357983
227500588
121578451
148788864
141371860
81462361
223559978
252604364
72270590
185420912
133254548
66466549
25753526
4305799
21295366
187967299
257834194
21151746
175589623
267710592
5018920
134674935
32060820
256566527
12162551
98591177
177602948
173929413
247477616
130237276
135395337
114252430
178567619
16831405
244348309
176152713
193325977
196229682
55402800
124015468
176817105
152691823
219983417
202063634
238015867
20473894
168738245
89263869
173966216
268074391
55400084
186647754
16694407
133901834
36270828
80595737
184552396
97059129
57637631
166266185
11832319
256318666
183878206
3557972
97779675
209177453
194967073
93627528
94438117
9552653
79006860
184981580
204068672
186842550
197563476
85470141
226512952
104802659
170896003
207214542
193314698
77387961
52660077
14681751
170036166
25047921
119996671
225149355
85307780
255087348
245529488
19827380
111182934
140780308
188410531
201793780
107964527
115393244
153279336
176675634
152397526
263552124
223451605
150534683
155448727
72455218
76586901
141502132
209020850
158530066
162323948
225503093
160802538
254906449
195788492
60423979
252209955
44412660
58467757
137755737
205146266
9249938
110520855
205272681
17762566
82697220
154805066
119436693
63336036
22495813
201312972
144928450
157529155
46381232
39006534
232537772
230127199
255767389
95663281
237954941
203533883
218258226
185541801
50020164
135382046
124839589
239779852
250073670
84243310
250753838
151146940
156123037
157871445
10163019
203160164
166573376
174698235
221410505
2310480
86145671
241598237
10153088
93791236
58460207
116109385
249732172
93124987
210116752
29911841
161976657
200877210
73960302
256934780
245939656
190055512
109663661
229074374
139455614
83443361
223819229
34623398
135011946
257406933
11808142
156483838
100551047
125523644
226560400
102634411
250870830
199305133
226142442
73169508
41836242
231035221
210383340
197745341
142028980
185678851
239599902
198564205
254087792
250030779
139144807
179571345
113992624
260031165
177874197
123988846
124075738
7796404
236209150
84636043
199933408
228549164
227042528
205281377
236295031
150364861
94905029
215995486
56076457
66729714
25613297
5546862
34651332
53260608
143687307
198171271
106834893
223928214
140023148
58591231
197513184
87435587
12964645
143309062
17750196
137024450
37107878
194635235
210286539
64486144
203933251
153148522
76718676
209028863
31037074
250983045
112792804
34090152
193820323
132279135
219063018
65120646
37779638
196668212
11084418
939307
196108335
236008529
63524292
101444850
111411063
132423032
86075798
20344482
151710867
69143213
146873445
916625
213882832
20893517
21531594
7702668
215668335
84151211
250002763
236602743
210483520
134701430
258334122
183529763
183988140
71427987
38727556
225683613
240537726
155477619
245391238
153201904
28870394
101137143
140682359
110510960
230498557
109789108
230415853
119876149
101917519
214051411
27093492
212821661
119298610
206013690
260273325
29032174
151545347
159036839
172574870
231311316
34949932
223429588
253036891
156752628
250705704
123167408
132929570
240276540
205206547
232080169
4915630
47383844
112542535
34038663
133301705
33771135
236097993
74170088
145646623
81503886
72830191
136349327
159329036
69364937
79141412
89363090
224885713
38211097
191391556
193489553
219487963
13574558
183952572
86677103
95060661
99298623
86793447
213331274
201813833
243012975
170403172
232083112
175195592
119759708
76144402
195594811
149803898
255015632
171577439
267745263
264110180
105616320
78199346
218034287
182057174
6938672
49634544
18811508
126243125
151593960
27793161
32525339
57503959
75180538
250759368
141833072
93998396
55708648
141157731
116537837
224261180
163775481
206742517
14920658
72475462
151617948
233866834
106792119
54045740
16198096
214799422
19970406
24142280
256082564
208773314
27731566
230205454
230634755
16250982
266856516
160646420
13767430
79951978
146192129
195560477
71999633
102379707
152217024
17713935
32626797
188821993
20222480
80794405
159095887
149734472
266805272
10296163
223382850
207360003
130927122
218416711
135116896
58351202
92987088
125420939
95710969
196141708
91484454
176450456
96312572
32443411
117729888
48473293
164709505
188250485
33303509
186701830
202131619
49943756
102860994
120991984
108334446
93726679
228888317
138435468
249389238
210438160
118079716
25387785
261996778
6607053
33696066
95591704
242816312
97706998
5986511
106640342
143492361
122629186
121177874
129305137
30790707
135442560
31147748
151589377
45110439
155349658
158060449
85587031
113928189
44229581
190130608
188929766
124767344
51771952
70196173
90708167
245450033
156152875
196526863
240047528
74608826
88140825
131764034
82137458
246158488
102160639
93425483
174861578
11681889
53555921
249384353
163321762
150185171
115907825
161971213
22683597
102051887
178217441
20208134
3735251
40678294
94337860
152940125
195100038
223098281
202477936
21947970
8265713
138805789
227265454
213511278
72093485
60184827
210102550
124639216
207552083
158883345
12348223
240253322
267376107
256457690
244337773
195076655
105253107
124541986
130843493
223960471
105019265
133529130
149387209
250245984
142008628
201089708
260503849
166874784
174051019
110088742
245773906
61198857
91077275
19186988
162424079
245561014
167595780
127952298
209750411
265835046
205833990
83010607
262981055
207805838
174161768
15610841
221844802
54113576
15911937
171970866
71662553
15732528
238256611
239273009
45893828
98858347
252671036
66635017
162532343
141725851
120156092
114384224
67513928
85161247
166304155
43565962
112947385
8602312
203849488
6566423
101675534
7951156
263134415
97667299
128638115
259162340
43363412
200085571
108057664
153238930
265155181
12743787
147161218
121042472
213696973
58863158
149736486
19257018
169011161
