10000
53458261
26023119
226090046
267840953
68984611
257325867
149888640
53473099
195619693
234971218
177934045
103342816
105224556
255846299
129806812
168943269
248793604
165561208
143696638
127125616
6443612
58853188
180852316
147139677
115048671
54894159
47911440
127844484
73003792
126514399
204803000
107900413
173861825
51596445
149855741
27933506
129021817
146925196
140737962
75713305
61294577
55452753
26055489
66216478
143038173
156692575
95733875
209625647
153273982
216157000
266590959
119912536
92824140
90329856
183304284
165832940
14155520
244105541
54499361
114525073
143286716
158129874
39164645
93435686
220130997
27709477
102979187
172709832
152323189
62736310
184423758
116451398
249423807
121581568
249066486
204038250
28071823
29092768
28862619
214967037
254697216
81926283
129096556
83801907
72917617
241480726
73094521
12200685
162519564
252072190
37960444
145903822
104149873
27892800
67966150
95815114
38569811
185176095
210001032
167208613
117158066
88930447
199039964
266684218
44268042
248442876
174899287
96114247
106053507
106051178
74674723
34697446
135397532
85750013
144824542
39382707
180993698
104932186
197420961
87393448
119261665
119491747
190368747
13072425
65842878
262119882
185937147
101187090
263808285
89813822
58465012
116507335
102349262
84377041
239733822
163363062
29278583
215741750
247949665
3186188
175869477
88247427
1197118
211212954
195167177
157168813
113103977
179412879
202244009
149180132
98650602
118570449
161712650
96342284
214687293
100260409
22970836
221898145
74790476
252344794
160665450
234298370
261208861
62311927
171746623
53341365
216597049
172313312
31011642
145911012
109649974
55741141
89448195
215151995
244712554
95398839
33223407
253930275
234342381
108612033
209783125
136660280
127590978
215515361
49941896
96404535
91448986
83683852
178355611
230108011
56896874
220850182
36566562
219592145
266329771
90439938
85226007
187921103
89171929
161174139
136468205
171164854
120573414
260318569
185623362
96717743
263145170
172272295
105784216
81971982
75880808
106877291
199628008
239307235
237394335
83421389
158306080
71334886
78865304
45838437
179230942
60311062
2274668
255981672
218162960
240606533
162788622
183896490
254923366
53688916
9061424
101190532
263198785
169551366
238903602
669932
120698581
13920644
210437944
42944705
138822746
86724432
185712018
158515725
106738126
263149508
162158144
161081221
12782581
194972231
164055983
159226538
266539046
210140803
2527213
258107524
102930349
11481678
194134818
20931877
102053124
157972159
61956900
84330109
259213641
45853188
128009854
253599325
147151629
141997881
16927689
199315117
184729449
244587932
209505593
166319769
74101946
90575857
234377282
163163644
110438740
179492290
161135971
85996837
115877693
42259741
190601691
118135440
194872436
245848283
207535176
91092136
80142149
244620800
75806933
125116521
103030926
191912610
195714802
244151193
220576512
159013828
223581299
81374895
114659330
190737515
14524257
130511907
211011840
58997552
75786179
201124454
228140039
129825497
202712918
4627819
172917632
161112875
110062455
174712499
45918747
112372100
65177268
174637340
247742986
257050842
178251784
249594264
147528514
200384196
250175105
31363464
63436613
128556838
93042265
73933183
87863512
103382520
223119904
230896791
229713173
74376504
62495192
39284812
175749085
98325124
152705260
201228247
189799062
211096026
98923966
11426383
58462547
202820351
76550849
136906187
6051187
95415238
141277354
267273133
225824472
209211222
240478010
266373666
77807270
156644874
211092725
264650828
214463611
137577004
99555155
150979760
255817293
163987709
249850542
178562348
11678478
154635868
237580848
171112865
26580543
122373234
154095766
85217641
149355192
239977936
179249725
128188954
255063469
107742769
49125237
67349315
4821561
80311434
89609539
243428166
223592803
115699024
116160167
142143925
137742363
105213223
189133661
113410862
162540788
13417520
67546344
249405015
219769067
100500476
174818569
196569921
212411373
190975614
5589324
2668922
96841312
34560505
122611999
126434907
32380480
117235879
107080795
140474675
60739042
94634471
43923586
175030265
1586464
252285987
121731236
105100505
69545532
226859318
91672695
14506729
76153064
164484318
155205483
219478923
108605545
6330677
39567539
262405975
93277964
34658998
179841991
261702734
155393093
190455926
102026516
238153732
208315226
195325527
56845129
32866260
99369921
26699309
63687807
30640620
265662193
212194468
117216591
247802329
161448132
263195294
91697429
91436966
213455405
152392528
28711423
8964798
135732137
179419819
136245952
259794027
168584560
98912261
241526838
3753168
197521364
184262984
208807883
27303773
18141615
131072850
39790701
134519694
41166989
34295322
67760861
75092848
43864540
118341400
138163709
6677197
176314680
26007106
493741
11921882
146850673
21828760
5231355
65679211
34897819
169325129
378306
84582044
212439009
249630492
81704308
162519761
88968137
116541780
31727908
254112415
215448157
212143445
257900875
262155495
115279755
30756458
18400533
143586869
237243330
30743671
63556909
135092946
154383225
179403849
194371413
218548606
119661325
26684034
253934973
23936933
77130371
195324943
207788179
42216165
73318307
245093270
170470326
53394786
3358411
197961433
22255196
117505058
33507747
55263386
165463482
139033015
64514448
7539998
18914883
63457371
58780779
113531205
37419633
34032632
134753027
135475466
132940715
27037736
153750260
205922497
84361809
7432296
70857214
19810885
230694132
264002557
216743119
227398460
6123478
191790753
171065220
172214419
53039086
184518477
225795618
245371250
263005908
81605503
237117142
156741178
258143804
232591074
157656666
204718536
14117270
90373237
174527291
129124986
60536340
209802416
151593525
256211301
19170868
264762971
133447165
92101062
201113525
86900620
125201073
55030996
209015756
217034327
32498989
92898322
63098719
142184931
267881098
251379216
250322890
198284025
247842182
123783473
87239030
188913465
109116884
170968327
205813897
129800051
168576024
132301592
84594681
140422601
106235721
257812386
127610199
56260222
168090412
10792881
478703
246881277
17111651
203464446
24266017
35482178
79505675
266475915
144522640
262408266
83928605
198830090
98547426
161369326
53040209
208172338
153707943
30914929
240818097
93521171
226296
260315401
27076327
158784698
66036915
42901352
17082156
2393265
8291399
155163188
97399319
2415377
151991566
203744680
245739782
179007242
257716417
15428710
185656538
174325109
48308635
135472211
240459851
226632056
25045080
5289317
248459843
2672993
213436173
55695983
235387366
43256605
223579961
231497046
64417631
93915761
34103494
53957420
265263104
81738192
210623369
146058164
154971413
162767849
82812644
144930726
79241769
164898
100567980
139339393
214039172
103104365
15416057
2401933
157900236
64950332
158944948
87615229
17756659
44939788
11368689
8998474
380614
181056267
169458733
151795480
150781454
98035807
12132043
32771650
258734284
135062280
212812579
164359712
41205613
103670946
221926249
127313180
27964431
139582472
218224438
168488290
59116236
200865855
22993180
60076463
5948190
108403807
127599862
182727687
49423426
27532700
12138034
130389251
252433010
8056389
75310256
101795880
87898083
58121094
124288425
163712190
5121910
4519220
199048426
190120445
55042135
193559948
197149
4323533
201501862
245156231
148168863
116996148
83856010
216675620
10581848
245366685
88505290
66540908
204182900
14982712
36047545
137280422
37617609
126812253
259939373
179184880
241232794
3684766
65698453
248505950
199337147
53115361
65336363
212891815
100003335
150003942
21834247
233560680
235456110
107076985
116368364
82722172
250812367
87781260
66300386
42291834
164602082
214053554
199442351
21790980
97375950
23034614
34264470
158993631
51828329
135631289
762768
36973374
38314502
240066743
160946949
106910455
55373606
135730390
17308494
5010815
267950209
150470191
85277823
112518732
53364819
266973827
239765132
73422376
204742636
204246465
53514324
96354610
65407423
172587780
157456536
24451238
27775326
165208413
234420526
190071162
162421126
60634352
216093154
112972426
41439534
118704778
106074221
168935886
7474415
135102499
233343360
110760906
207635089
156291393
110874010
198273921
135341697
189602600
30753497
39420887
262400781
260529692
249851188
61295430
241711040
233754963
235285456
244307285
61371867
16845024
18792050
218515896
44007359
163861942
252425433
179938969
177502917
125176175
199822198
127226443
129949160
70932400
129322093
84804004
142718673
74307586
211410108
67717717
126414511
59487978
29038400
155681330
3155528
223972944
97846280
236045798
407518
93654857
44216511
263335900
139932908
198398269
54721323
42906707
184926407
93265622
76446660
170001979
47482945
159530660
169577573
47409955
224435377
28805666
164920109
60102776
236329667
68226284
10819223
73019453
250186799
202841796
200444957
30657890
27167292
78770506
106799566
226873987
255045849
80983056
198509967
257084335
236716966
202563490
109468982
129985609
227458692
96621649
108582568
209220228
92333073
251373896
171887696
5777168
111696874
171651707
125564209
165231077
130240086
260317259
257466008
11786373
195191981
77254626
204402734
219151588
88741099
241083452
180782185
212006306
171037550
155726359
218692715
223465971
157543894
186870160
261736335
222220051
88678074
251610402
224289136
125158109
222736042
187448215
47850320
108958327
133026470
85891948
258221864
246423467
10255952
168049959
220024179
69445204
213842465
124179715
16615633
198104639
225693028
146049740
116556385
133717676
209355647
60225119
122084429
40610315
35447927
38437127
48340806
1642073
212525349
126216458
72836115
56104163
253547561
150982330
144794019
29246405
118641148
201009022
135679518
206167636
89642356
32095737
258747849
27975732
261259203
139557653
80447764
152015351
223976249
106206119
115681715
80732412
220767865
2550155
231696714
133344876
237484286
30156713
184499486
68237001
27968916
265448606
100493225
215378927
165046946
132931103
61555450
74535939
108222738
98016160
261133636
249266085
257912266
71298548
162560999
266222031
113479944
230257382
94158613
168806536
57292468
63918548
149528382
86825693
214455896
78156536
236400281
23672364
135763915
12572330
214958475
54605175
191404033
126186442
55349081
182975199
199056249
221060276
63028364
33828513
513017
199826322
222050342
128988137
82558208
73042757
13569366
91903947
116349131
38337806
234118149
200165905
200213752
125659050
208564030
29252330
146401207
74080996
203578698
220592367
100747632
91794926
256073592
60456306
59807297
267107089
241798732
111598216
221354504
99196137
54920629
251289624
258574815
69733854
255416119
150583797
33899451
138439492
95620539
209428504
118995914
136026216
161488520
242209338
190979736
166696648
5709735
211931843
94265495
79207813
225474243
168327254
63005526
123294427
84290371
33549776
119915802
83373082
134903176
62160846
16025636
188695751
1424326
33361246
116746073
91162341
150492654
111502035
120926970
247312889
210364455
188868612
258632745
15978293
94367049
104373485
12677059
13481620
148873266
224282348
86333697
138084173
69642038
260998424
180515934
47890760
92354961
128010678
108514715
8861275
183609908
135857168
92150788
73194475
148355463
142186308
215257541
138642486
177062244
85688198
106198914
106433640
44573143
49506965
7544724
162090926
183861283
164782456
260543250
225979318
266624781
143737488
140982660
51726145
135768656
106121402
95109641
111436107
239737798
221298137
208526276
23103010
186683715
262116814
247862090
43928952
86905879
172390555
26324460
49287920
237845968
18858897
164188840
244729667
108208771
263403036
61888146
24742349
200145755
28907758
174232796
2344469
736629
83518332
247988748
232278958
193253724
16389916
215257049
233727295
133125916
230751202
132322608
173951663
247252321
209763731
181476483
16564059
173363097
86494213
219832413
160199336
253202989
68745600
117775769
232534731
243069855
150015356
168470461
175460586
53982012
150614570
26286844
209347732
164203048
17049304
129388229
121603037
14457937
199301101
236282262
29031267
1298748
95190771
122888341
198313869
217961176
155937384
33169499
213047384
95351774
144905439
40228519
65855647
128848914
104477423
157236101
120302904
16721333
88062221
11293901
227806181
20520677
156998935
231811706
106739641
182719451
8058812
173001193
127390768
136013883
132631875
2584906
237824466
182871264
142296624
71290941
212766788
148886422
221771319
122721153
116930299
169984881
234921104
142083322
51473279
217432529
249637792
205629774
214277350
197458791
52537701
91519395
105788476
250073129
11088482
35103089
27437933
25414260
162408035
45086577
98845599
200700622
187445157
244430416
173409149
176289540
95716427
159308053
230592627
215912010
168957217
44693406
220824283
186112889
221002721
163423756
143062797
138135149
258632857
33180561
268251222
46631897
31211637
162177949
56178669
55962507
15223579
155152297
31521991
28218414
42229534
74303016
26201465
92342644
241670772
91517693
246655608
189934547
144468947
206307728
126630329
94126316
95528089
243471766
263018284
46267236
91913546
205044162
260554689
32935309
206659947
175271007
121549264
62511894
217932546
187355556
222464289
64667215
263470801
152419414
222525343
8190143
199552057
229404672
145101103
146877545
4849299
54437528
66665666
243241242
186901648
79687921
64571138
261795736
56884489
12531228
77491148
243619763
191794244
37592187
7960254
266945631
24282843
208359513
82472791
226151188
7100361
180029361
60564424
118518022
41568017
255081886
35041049
226304670
87659682
102466963
41246166
166057527
36688367
19851762
248057893
11071315
17943921
227746207
149737217
20938610
265452386
214767094
115076366
179460119
97113966
252013558
14181092
275906
195868385
210309333
195295086
167940898
118374736
115830311
85219481
154735108
193652191
205095320
71795258
47007563
87929464
264786456
216676351
88647203
216913126
84790528
256720822
87368662
4419450
41898357
158096859
188967329
8876011
123843036
112655495
115773153
18050452
89749679
260025984
259349727
130950738
126162074
96954204
93864611
10136585
162355626
20147222
173365757
160012640
134107129
128637175
202634335
201676821
52214469
93580436
33787817
36044997
55103105
172700122
173667727
55924403
121452715
123492123
59514419
164213018
78523223
35857920
22014872
130150151
83808979
70184050
103782629
85537109
252353577
158428954
36911032
72624155
210331835
149512604
253104938
160819998
153672028
40880318
192939152
267198256
201974832
31097042
12211328
236181070
14019290
132530235
150478362
138256933
69730791
153381166
133902610
155867716
146482545
122274534
143724714
40030233
127661205
3624454
193620009
30725100
44064195
70231282
38837044
20141064
137489968
111474806
221447149
266639244
175243713
44003571
95466065
253712221
148060078
120504597
229103860
84511604
208120455
260796743
105239294
211136000
222299878
41420213
37078149
38386128
264940491
3420401
129049520
173578293
114544965
211882099
225822414
212554176
111968188
157960313
71493121
78885824
135871622
125358814
144193234
236326223
155760943
125620095
14207801
40203156
37740851
66989031
61763116
201159156
266521117
195293553
83451256
75630287
101921297
95939422
94240129
154807875
146943209
43951576
153688144
69239946
64823310
70858366
101104198
79730572
166102046
183794621
199627747
87838208
245981340
106322538
34158378
268166941
75334949
160735279
37386407
235811881
42773601
19398505
61893613
31904671
191571002
62958250
111802724
257860927
201659453
36192641
61229637
50451101
198676410
38723696
193214929
64261610
145714814
169122988
103009907
243102376
71868166
143959281
80675186
153508860
211980206
5777591
258958819
56223120
8746412
106070518
264351467
215629362
194215364
36987572
165981758
66265714
223729881
38865515
188299425
261150030
123212337
243283937
227156196
199347687
95806636
49354096
156086991
207052481
64935605
152647090
81556246
218213881
84806809
138182148
132578286
230900672
11474376
166417673
206860454
64049948
1332930
262005598
92008963
245352532
119809297
190139147
15506622
17211066
170594571
156636291
263421944
50256131
208167619
38409268
112000875
592860
250945665
40275850
259500107
157617320
256567292
244336358
113332675
164518338
176447009
93698933
184779302
119534019
48792086
27016240
173070115
132578098
193021811
149842717
10002045
196821351
260185317
1318419
241144874
205541397
220976970
203433950
36703212
160548728
76138288
186426751
253687049
240412955
188746193
232753587
62389722
41615988
142425979
112353874
203851990
141276983
220086277
8298322
98313575
117314927
226965931
95801495
79183114
69838722
18140547
253387588
163284451
155293257
79453823
215744004
258343497
73027629
30741249
99076934
16037477
185110909
254163889
69273048
133557039
102000858
264302770
29526111
174797763
232100475
116713629
23811370
202786696
230426417
122760483
234508739
175666555
210929765
217558235
109533180
162028730
37774776
50780501
94212842
25036651
86544485
221777882
263982493
50221560
252176997
259959175
47431060
117376530
245264428
107129487
60393603
31459989
264580429
234164269
41880453
64701320
180820591
218653519
211165899
214268327
212144687
171074653
93190014
23068382
32679081
257318885
247356614
121386894
200396442
81609655
44707091
198498508
156340582
80433784
228611177
20388862
152306293
30392743
92868870
215537359
160486591
238162087
162303316
236906877
90945009
67277173
148504143
122472423
45006771
142489515
92971255
221329931
23651085
226170685
253152718
54378502
138887020
8076365
61057490
264075688
137820342
29359949
15304093
92805917
85949713
110778101
194350822
70510534
114123890
129889259
48526055
173792851
219996736
262529772
166737544
116767097
35372446
161374699
183362523
118681191
105632313
110798016
69327683
79385472
57303166
191933266
164818817
2630339
28173594
191069897
89868731
158460537
93367475
148114265
226631194
148626517
117308255
167714723
54313998
263503420
4753466
165259486
65155982
81054280
59884705
27220742
148770009
142588720
139080587
206762858
260022471
70711162
81196339
12773096
118694067
7475776
48565710
185295186
223158806
163510857
177713692
146677784
268134981
41724345
156033715
203935406
221039585
158158835
166641882
104035697
22719991
49806888
219582208
108031167
213920213
145976376
148196651
83233973
218183080
166081498
164080229
150503003
111650907
148075223
112265735
60140164
173525605
188668796
148926127
46850612
55667082
38720700
77416321
93202521
29459330
83024990
203121335
67622877
266742301
5210916
18741560
144175353
213524725
62208003
102771975
16625492
93361625
140192083
80737188
245076919
192051356
168850757
139378452
210762801
184328207
63028328
76977886
93494018
158872484
244547231
194836755
203706306
42224378
222933168
33416083
156441026
204979081
3051408
191574806
161421207
16737383
210286158
127615672
12007119
137257784
228685242
265884456
142416565
68799728
7643024
263858075
214456318
182827222
23441146
159622319
114351032
21566242
169467141
133630026
17316566
181803328
39684132
256685457
250327731
238528404
30994755
264574894
80378520
126965094
69891183
188465384
266009936
132460651
195369945
263162771
169202449
92967565
202313802
178486252
15705565
240151425
237146809
123128467
663598
184028838
44554236
263563298
127562811
154966171
212269200
195298908
188136010
197087952
213673917
47456500
25683988
141208567
195693471
193968022
50396219
206404440
266927822
167292315
154958348
253955268
263268190
171090375
16569472
117257162
136140469
220259229
213000249
152354989
84845218
69840083
117882437
166546408
264366952
144359967
127273409
30235819
16935189
66714506
14346895
7272629
8691857
61777073
86479617
174259077
126965846
260146002
59833408
146640456
103448185
215957948
68553621
258040898
151821958
34556785
221530228
7084815
61822568
200881532
258245347
258404582
157929886
227122189
198653280
41503534
7976515
602287
149138404
102185015
27537204
125635756
90077053
22353468
245939517
49287988
30682145
52993907
36236714
11952115
139160006
145228935
112347921
121248504
24329762
136183601
59036476
97898410
15968902
46067984
189740842
147395288
55930849
112923711
23265678
140188773
172788256
140439560
119263645
56749286
85431875
87913015
185620899
7552363
164606402
42783727
206400176
231912162
128015318
73157537
252524961
59344861
259829149
266534391
246080357
119354480
241724019
181678631
142318202
173526690
155735184
122478276
32242193
55049421
153961207
49062887
71767925
62683550
209321520
243813903
60103931
67546907
33914870
163031670
262388681
13828235
147914780
12392610
190831311
162154028
204616201
47975882
168365828
33537627
123688674
27534723
136872402
116479527
112124667
228462532
252406557
92521534
226847200
40271141
251054996
84622149
204520756
221718825
177977606
122475907
14812308
142930414
241740091
189753333
48521493
183775361
219730933
251576037
60882665
85591695
218318756
90103108
230136464
105540218
75503356
2931421
10827649
262605042
37891400
169448428
168444646
25416062
187543885
70985446
165088086
108513115
116390487
112509764
56407631
193421745
152261996
50487017
221964037
93955734
172014436
184328788
210035738
55357732
216988301
164556656
58570956
72003199
149726872
250747867
40133090
44092610
246623065
119416073
149222752
98358759
193690794
156573607
99545916
223924540
121991313
151121425
259437392
14931094
77059477
60500586
96193397
203183058
86565250
144202665
156421705
225274894
32896648
3805828
106497351
123972926
198554348
71144237
168366387
42392952
10948768
199063562
216924839
17308609
207475496
102385883
168478942
23388035
19151845
93567897
231072920
132406200
183012935
264469230
47752222
255611223
156209903
55982858
242302793
85163782
160005361
6406148
217615395
5879289
26210888
115796557
8855468
36425019
261706260
179137947
133007673
267627394
41656136
7760162
205188269
43834094
100091287
93525520
243910939
181348951
243949766
48283828
115041847
48081242
169093426
140417577
218682891
174708970
201687895
200356283
155088933
202943487
222012109
65779625
92908986
43621757
137496869
226239208
175083643
104415095
155715834
258416530
150507202
264315298
99630623
150587961
235756862
215830965
261601020
67159159
9631218
121902005
107617098
163164668
27565469
105255564
248659171
197514646
155588996
210519801
29990874
88594144
163422561
174142589
214961768
139741168
150158138
78473447
202723136
224225583
226468878
261915978
83323597
46458050
207960847
90536438
44821784
24003896
155144493
194506910
150793434
182343092
223903128
238602983
185193986
96244168
218299750
11807523
137177790
14715567
105876151
94382197
215503612
20685612
230291703
90806249
225307844
24977573
189312896
49497155
52468025
237896728
117301990
131962615
255845937
163348884
185112219
72154676
124707943
121542130
201064789
12932460
113813625
67345952
1116175
256956316
47377725
233171545
22080371
116486054
156177050
227459998
140479634
124282819
146905309
231074625
161573790
186611727
231051535
3240190
72599110
204046067
253452739
215809584
223666676
257005066
16506114
76024978
262559183
109173614
213803780
231217979
49268815
223014046
246084635
2882187
110154016
189692925
177440284
24326731
38029566
227452285
21281109
221485854
145942080
119361717
218189737
246490677
210012249
200968150
23761055
64689627
164413155
167302741
142351564
24884212
104765881
171407937
160980190
81110360
80562783
164612824
198159343
140736137
62178966
59451006
12389320
31234956
127854385
55313119
203562016
143668217
234855723
188107062
164439197
257386148
50021255
167538089
179765825
92794957
142885407
214413659
215626421
65306422
251364106
134221955
29407035
145708162
191788852
105282163
88843706
145712175
70224835
109408532
58979080
215716937
149605353
51262259
173144553
63360683
142381852
128090234
162966499
240202678
163681508
140447037
83745488
47329251
218096538
247123623
72980168
133315587
85308963
138070599
15732413
81754140
190433966
114635466
167507759
115386659
163432148
165947283
73804529
231974245
44885357
256316558
29096735
228157677
37643320
18728606
128878803
247511381
167858584
90500443
30962781
176440239
46324406
257448517
98524215
122731820
122481485
149565014
47678578
89238664
121517827
241147847
8068551
137598330
49853856
253015848
243396338
186346001
103542502
234710856
77514385
39625068
98747102
258276204
217065
29008287
196521598
6065892
246703336
52551197
197111809
257106485
256309722
92400799
205927495
196819800
247086715
4467268
1133842
110419005
158037031
262977987
124709053
104053023
155931614
126055139
168375608
165135208
246559613
213860315
214264427
214043918
95582818
67420670
9424296
95879973
28734589
48530891
235802255
168685691
262603318
245285582
106864408
206707949
59223331
101636514
169672036
158105396
8680200
109743142
255090009
186730893
245899395
38302027
118549136
202067918
78300929
90924758
98851856
161764050
213192234
195548046
107287851
152475188
211045292
59063086
24243263
14264905
215774711
57009154
206505149
53742348
214547363
254653271
2087018
81486493
80779962
127231779
1899887
9459674
124621740
252854859
234944155
190875841
7760052
197654977
79781326
232266791
46406305
188045663
252018291
95292362
150259380
166147216
115276049
221716925
250784398
182683878
244082458
161969524
31065117
197650938
79035556
114011943
191067519
201556311
3379124
169384998
80605085
166302948
215892483
130994647
107570783
221745173
83123761
42089328
97295754
156075768
49538118
227849092
135658474
195255594
163056662
203869193
80312556
161336833
260260454
244879263
195972898
117141409
194122960
72332622
138164476
135652187
266959074
261486044
73855610
177219754
263535293
119515595
237758309
142391161
103140204
209531831
65273744
33546872
11304339
195094840
133672924
50845824
66266163
170480698
115450106
235510097
27921555
52564161
239488544
246540471
35655349
79440718
216869797
192188877
236172683
256042492
227970260
89400391
31250668
220922262
169100562
196471761
13951024
191043056
203406687
29696488
118040343
63058864
28466086
74414819
71958552
243555829
122020651
219904786
195425939
28362673
141021109
176588015
34854444
53340869
93579442
155036182
133204165
154996989
256970812
261113012
164299934
140733320
220853794
166255997
205558225
37847901
225771956
238298660
154757662
208101916
194388498
118877406
33771346
139610159
54942244
232768709
204987385
52480321
205666986
75751763
104516857
62775705
149475947
15286651
53340670
105249909
236526219
32643648
133712760
100519583
45465516
4545444
169161352
172236978
45843396
102362512
208748085
208908009
125049981
163096982
138578984
209746420
136044110
61773403
169326995
176348377
178693461
200062172
39313527
50086207
105011565
148173160
235580196
136314420
146908263
20863432
257024795
178376232
140948255
87880653
220491525
24028019
19326486
244849562
102765976
127493146
186095616
94617032
69210694
266009448
156477103
214667325
261950575
149130707
163394608
85310686
224934515
81845165
134897806
236586961
224209339
151383045
72351466
183482602
253892560
80723147
54713087
115524365
111737003
234966674
255109355
18896346
54208683
72421344
20404004
162099672
186655284
120123905
61111911
14650193
208198969
182640261
174943236
109763262
43360168
228973875
235692803
250266192
199509716
149254623
193021145
33834620
117279409
242756499
150193205
53401093
248202235
38617809
263572067
242069219
226687782
194830615
144303123
266480759
92558497
87090399
182312220
166987120
156721977
83335418
190189374
43670534
1056503
94938457
8714060
34161584
12980814
74662438
75041479
134488675
185233645
250166977
98138903
147837329
171798019
129359807
153367167
145216848
184579216
107256851
58116403
238987698
65896964
47785294
263498806
208258725
240224646
129175087
187818939
153254447
33813624
213379632
61808601
122691652
53781246
236662090
177995956
150963659
197673950
49088143
202774022
109331275
29972962
165955194
225784896
195657945
159463521
77192164
158391838
134337286
187486679
229570658
58521415
29493139
236484377
12361160
21971764
17111476
120941954
87918298
10905948
50302096
134234571
85196786
164042201
205708563
150574240
74309230
146318437
20699803
204607887
249303126
18205120
8053768
196855436
158750847
75829148
81225288
43282825
114985257
91395475
56519953
81041477
112304205
251110473
50605232
80266758
177962790
188521729
66793743
68772311
239027459
133393646
12966133
119143479
178957140
67265316
163573620
84874742
251895867
73443190
263254315
62745422
14822405
161756000
136360877
80794682
256409345
189563347
252396227
8744153
250113638
77009995
80853463
169214108
155278439
245572717
26443857
149489307
89795771
79341720
230543936
234065174
229049948
24313031
35483524
208191497
86758478
78967712
68274943
138433182
200441367
31265747
247639638
154050398
250175951
82027392
245830801
195565133
8786842
149568097
68805765
149037123
41033000
122849273
14375801
169051000
6397425
5962121
145825875
60420660
23349013
256808626
252915863
56129474
172270295
228803652
130980321
240912422
110313968
80213393
214012133
233541121
110497370
92702454
193629279
143333557
83934110
40129651
174989136
49111056
133429789
146460010
99127417
10405328
102132309
125080178
210946241
154211547
12903808
166272690
224843782
196468943
194771738
78497088
161037814
26921640
235128852
74766407
64297344
154367167
132252092
219928507
147976723
48658809
122594080
65663408
166134388
87025628
53141107
101969361
69262655
44700158
138328166
123633555
257756924
186300982
256182932
141812787
164083271
45916039
126353734
187784385
101733798
251505257
258082578
56141121
182599561
113416438
320264
32254938
218555008
254347065
29791351
222017799
123756695
234211850
231134704
78492822
72696950
267074053
218343542
87878525
14845396
226561264
112809690
97124426
184406142
73303113
234417477
136444250
98556320
263427435
214030558
229291915
198665238
72283140
229768315
8911180
97964917
70113156
138692646
251476838
29411756
28492991
103764784
102518436
171938560
11811133
242957643
105053544
194946386
50004783
136276715
149555704
238191326
181217910
89972895
72746742
190590227
43826997
265393391
65880341
155744589
102545159
256522959
43340429
130099356
216853674
100462999
118721673
136544777
16659007
148835323
59824925
247558663
131812702
187429197
208517621
160500072
229546709
241175541
29247629
185096784
91055672
45249772
186976764
220925617
243040122
45845149
45837917
42894650
197639703
255129122
2075209
20233059
262838049
29584768
155322935
169864108
146095613
68905181
166926479
231832771
248496948
10985058
100625928
17027040
205172555
205995678
99816493
261206100
211080331
119314465
94694266
212873576
29978726
100794227
226685350
155408253
163531703
99015878
139101417
148169235
257879225
143646306
138398673
227909908
129148163
190348364
33569805
189172027
187065756
213089088
93775771
70866038
131093107
239047700
123727609
206696450
83050512
189206713
79376038
120104946
173216783
224466803
186082527
180261078
183838263
19435064
108982417
243471499
248883256
263742361
143162745
169927722
131496553
52883807
6072716
243663439
117373700
149789459
121487281
267702340
40014040
159334344
128749814
255109568
196188425
28212439
124797421
196588279
167476864
59759273
152981258
117616585
177569163
120686216
228218644
177995979
64422741
139325606
30365909
5095607
230145463
218975269
190317563
7940235
141090884
183603587
129135511
231866837
148100007
189543097
199460349
43373670
165540844
203625227
99039443
217146999
232291488
227092444
76905486
165422387
213114620
221364833
107456373
65741166
38055221
204638299
127041629
266645380
248556329
115986206
105730557
190894306
36573026
67998731
97594126
245386093
128174060
102030364
145346068
143374034
174286242
81626280
8686712
228853171
161723658
245483716
35691564
151108523
237583514
140747197
50918443
67725763
175611680
64405082
229810709
131023578
96885371
82658743
13404029
106424491
44654724
47073299
205797957
234506455
137066883
174824109
167322278
65281334
108179615
224046385
178729954
211295229
165871438
258257007
246299900
96084711
243809925
5390593
85234176
264206838
104186812
230098792
121003707
75187968
120299685
258381786
244311764
80606816
221523320
136707014
144507821
241396213
231418524
159825030
188925849
56546873
148192764
84663081
25978588
112356086
138512681
162633206
86106188
47863600
203526531
144299155
204663042
64314500
153733602
51999204
174430079
147522533
157501044
207089363
155927092
234259064
127151192
40873845
135698007
201954161
204362355
122812847
91883303
235561514
195891324
74112898
22247791
260095945
13805858
47866689
168844832
40798886
97869680
7250708
22943212
70473895
121591309
140275010
186697424
229346619
46866588
74580527
219173180
67667024
150758304
186168826
76660662
151075916
4257330
267559465
6169992
261072523
46183269
186323996
239647929
69218886
149253724
35820006
155516911
148781428
81845552
13411896
142353679
96636029
144617735
224391304
223532440
54001319
114757793
6413055
101492049
145758073
241709421
106188157
262007397
205713416
41354786
131382366
232446165
230766921
225326119
8039843
258374513
117699013
25522392
146630386
248923589
104925777
168726498
130733392
173920642
182141013
47608196
179155954
99750117
104372298
261279981
242970416
79567015
94701212
2855961
11403113
266702783
702065
234577679
50095333
25494803
118172006
40363635
103681275
242055128
103502772
210095468
255535213
120970777
261350567
31101209
125443502
227812090
209748084
210204810
125966237
7370618
30886270
228947224
134887568
213351777
211401821
173542672
162972199
90583637
40262542
212088591
124875591
157081389
135114002
127339303
59492502
131379876
210824005
119719532
128161549
32670399
109805965
50214381
14526175
68845403
73691763
204437486
60375192
59066718
232837219
3113089
166169938
184254955
31773403
235398328
54041394
89352769
84567109
145382517
72199195
107254335
253066702
187751094
149142781
196545915
21366063
86889717
26998143
88573465
119885971
257116768
20804938
204295235
8111635
240257650
148377291
243938229
102888417
255510645
66168106
187880302
22660881
174366333
143483549
90001054
112297034
261437298
140496565
134018050
249749300
177618417
85338599
36550570
267801733
237642403
121471308
88909206
164440299
137278063
140789309
221726321
184693869
218545988
231334299
7549528
51595814
10956627
188868118
69552643
199360530
50432532
164258084
41892283
79755006
258911743
54089169
132666978
219359538
9705449
31818217
37031357
84834092
67349319
210627714
205762107
51689944
60694750
225812138
215020713
210260901
94345554
60258734
195977115
97726529
268331003
156875856
22184052
225031046
141150505
154033421
23842285
263770420
98855381
118046006
185203156
263896151
260995420
197537678
122857719
235904147
151981663
49938039
84436327
76196362
98393151
101017748
9785919
199918223
55734660
37274488
105300141
61686363
95359044
114306450
124944756
150694147
4494384
46371314
112631267
49771883
111183694
172372587
138018204
82251649
226082275
7623802
213118799
160671494
166912773
77213915
16163333
125738693
26666496
228035749
188790343
67226125
132375438
75810183
142690654
245176007
249911138
130753561
163888198
30324108
210904212
36581218
168030328
224007205
125890547
7024746
120633346
80487573
222992257
249003790
98602017
175224523
139510734
152631021
52608660
121615401
74285308
236644579
852595
163661886
18942326
4853520
124490490
219993994
193766233
139889865
146520144
266034972
36921986
131324517
34321234
9300488
42536872
161781083
195661836
144079835
93774736
263667843
64319092
22866942
160275160
115414930
257375647
239184059
198515108
23105714
55693256
160619056
150413495
11640819
115924693
231524855
119981554
111165186
139816798
176500600
195524411
232159946
9363080
149057421
220748818
173485418
104780170
237116483
65187415
167374161
246625254
262116906
49714557
134141902
46475918
176027195
183516143
71076293
59054001
203799007
87208043
22606490
210099771
114614735
219270010
249502611
6595953
168609191
85010170
257918189
67581686
141222175
251792156
265936450
63370822
139784980
256747976
261187328
202884332
99186954
2505254
179381391
70609962
260454050
222886697
10093606
235736847
243845616
100848556
179756404
206753306
201384839
188813160
24850913
217167485
148916025
140206870
9827242
214520902
99888163
124201836
8635761
144904611
103662245
107288051
161165560
182259161
65348019
31120787
102713122
103302058
164256161
99840269
69378186
200865640
128984635
110292625
40508787
122603886
263871809
237098462
219210631
171624506
213243331
50179478
259613169
180462053
172445485
154658496
207338009
38428264
73435178
88865831
117519761
18680554
183079611
153335775
266821412
130851689
60966613
242713038
174552486
267609647
253950919
135894343
52947265
268061087
5664575
112535323
124885930
221217130
261173401
141090360
221278728
78868053
238768948
31973130
115769613
147144237
187747731
156377092
103550632
267554565
198191913
121541721
103320599
90319760
19340580
6644683
40512780
127691163
140914699
108272062
116008697
210992260
142163924
27813307
151693485
177608376
101305895
165019476
167578845
215375865
233087345
23568140
203560929
26200029
240661636
205094758
221312598
241365099
5297013
169661865
26377990
78088948
116869506
103458829
148228098
158375587
226429890
3373670
12071902
165141228
84703410
192006808
58291010
174558353
212997439
133638325
51500543
20870978
230031871
19447307
228128484
118966705
234825509
223917500
77287075
109347126
125949254
6652700
141912341
16268859
216448676
44108599
69474703
71927085
245076031
17293175
113439820
142637457
235623789
223510051
103221157
267738146
187032633
144798173
18892667
108659356
211755722
13309789
76238103
119009414
156016622
252677664
132407051
200916377
188330161
20139656
185118244
212392083
191723354
140097467
183062576
234098272
180095770
202313035
29622849
37433165
73241084
15794909
7658615
151571242
157504277
89741624
231169587
25365377
78456687
128680758
167160039
43708328
121846033
81676033
52941566
108969001
181927960
150258143
178307308
231668918
85997529
207896237
5100064
35718321
12959821
188211544
182251668
75232521
20071750
33462683
127680198
94030378
37322111
261241958
166357288
50793052
246536814
100014777
148159915
82739689
167821901
230536812
163428625
209303837
122638166
73684602
110756120
3916629
210464784
145841150
28354794
117997191
61972175
147587151
81184727
198484424
190507611
212290976
132076422
57938510
156598133
134134122
123790015
91949280
124937719
164521130
13923749
10251293
88090670
205686917
191513289
217396198
224428715
183028323
212986224
9504100
202428840
136085150
173103314
157472926
163555095
54322281
259064903
217274965
240991592
41644160
128995816
249419506
81321108
200375827
183106844
46741247
184533753
36725891
70043375
98597011
239923381
91472167
248767544
57870432
116733080
147752951
128339764
105255177
33469748
161054395
42296326
194127212
83637329
244404004
123288653
155676706
69365938
230558564
123412940
244170528
104744436
216841587
174870859
47049819
123872714
44715522
249324785
72138760
135912580
254215834
177998583
74643865
208148479
244169530
29310004
66262326
210083195
139174325
115990081
267699161
67229024
256613208
193997566
127981159
20341642
165620661
47457117
41101649
23909267
171003663
232428945
114088471
81743906
81483985
203668375
164806351
20907839
213246318
94493034
228810278
266125054
198598017
63435993
105108336
149165362
209905165
16552531
138972723
155406953
235300020
16074244
183745708
94981523
224441336
249132413
3375791
21665029
213996547
186559367
180199652
265316330
256488137
32271764
14393774
29887585
72238527
192788904
129764070
1476741
250223040
13095058
266592958
27876115
228819945
78788247
23993291
171771772
159680128
179735905
199581618
171605621
34368001
243307915
129008676
253470636
95987808
82103259
259271886
126258083
142860155
15288524
125083353
235585528
243039481
101712307
101796022
42567150
135099876
2259335
75098298
265867574
120703346
77334208
248253672
152975858
189374867
220549471
93179539
24826152
212832792
83805547
3946027
234434154
224750998
1623042
222417137
239438763
127315170
220292202
42471918
24307455
200234665
216304486
116358151
45064153
242325344
172706807
97727730
112089022
117672721
146073424
86545827
42709010
71989454
125970559
266500041
250683481
218748581
92050555
78181217
245574920
177741315
25850589
119299852
121235855
168056472
164654788
107313158
175796177
188276352
167425414
161417931
66485736
260283293
86569219
236017822
65467969
38439215
243339967
39702610
43373394
213883733
175325178
233809034
164333716
70875998
27371620
110164394
190105478
84371054
69714969
226393946
163826117
178191295
209202064
100826124
249659005
67623754
209926134
250454647
2729952
31295033
1214695
113279420
180856776
204011974
106282429
261887157
16740863
188950969
39971566
255716988
223740913
41824118
116484190
150499579
115786395
117847874
172722687
196159555
217914812
19100922
30847483
210299576
100735719
112051920
98603396
101351573
212289662
159082830
79759676
162043156
143325517
133752709
64766407
92658208
268329036
93171807
114397787
45848248
205894296
33243777
197775172
126159906
120048020
43778110
235469615
47075088
246363983
26196844
213518115
233494498
35164480
230980186
10001638
87457877
142684028
173403172
147357548
58237824
168027317
238037285
230108824
259456127
59663949
17125765
70665211
33055780
93567808
55810839
164880138
99077049
231616261
196961900
170502010
100511605
179630835
206220
209316265
101413920
210584643
250460446
221215773
159422357
50956792
11834733
13342574
38488140
62400048
15421543
163316375
74587889
175670137
125579195
16623443
216273269
85539176
98812507
147840565
117822618
153607981
205264973
206754483
187610320
72637574
39197431
217672980
137284685
125506920
159199414
66749236
207042040
59707085
73382639
69727800
47404612
129494855
69526576
188521988
225867794
26259771
236872604
215504677
83774767
250354597
218884315
80071382
27627540
140518338
97960541
181053345
61550597
190714885
112964200
106155054
6367669
172275560
55418049
136778056
225940161
41675504
70568223
31110991
202572852
197762778
110285585
45968513
27857206
225703351
116061799
147669729
182268823
180633888
226265225
143625180
83083976
122827983
234099692
110860360
57124876
228256482
4039536
189378678
113782596
68439083
145790549
226194167
156449982
137554221
248239814
132134737
22730031
27378798
220843702
57781483
138048743
88253771
108439668
28361214
56005806
121979259
76674677
115001977
243583735
56892006
118969226
5041835
182883052
162763345
104270421
100505506
216144274
30528756
57849750
20763603
23459508
187543916
219498896
133081868
40794193
264776491
164661188
80537585
181190871
252008593
48900307
7464347
193433317
183411857
73721344
208150185
117593552
232803831
96567395
237673239
60120372
140697885
78892267
97208028
128787328
37323402
152649868
9912942
262508629
255415797
188147771
8134578
193614931
58733263
152004018
171036976
38352156
211616784
110206275
75253373
230410817
204722507
201748590
227172378
167540057
184982523
49275371
15402407
125382139
114825808
64382956
163282398
22269946
13673541
140433889
159217039
168725626
99304630
96697338
7104853
188568543
192623276
109432175
263251756
198557566
157949907
164612778
127734211
113629466
101961417
27871444
166055984
105257990
115663426
170815519
49957960
18402648
217748798
215650311
138460868
32243074
128393473
210077035
103499831
162065088
52961792
194483852
151015590
130226491
39340178
216713173
45018318
80842619
206576285
49733068
199050211
119420275
7154939
72144813
255640179
40186558
164426293
262726719
174714148
232858150
242259664
259538052
46746412
135321046
186650668
138744683
68380524
76536877
61882279
122664689
236311297
59520467
27465136
223986715
33893482
117237821
195239299
84655668
170278168
242413332
219943670
75809363
172714010
260659708
77409974
235414289
246160894
240524365
19042936
194236242
34551951
130364108
214420215
155831543
219192353
52086894
3833082
168285115
196961853
152565720
213536747
221097324
186128882
128650968
197237917
216842703
82942206
127467527
100079060
233624935
58591598
38935428
151342433
87185245
54090305
208378561
73566188
137035753
59637237
137101987
149329252
148813268
207217546
73879355
26099396
234714203
38658527
72122997
27733130
120680788
177945780
213890012
249337103
107253497
235101223
140307513
119867621
236384300
219499196
6818610
163680154
121141677
67941509
131823018
26987840
113567264
6674482
205385205
4901053
146541952
25561332
71652161
190055157
165860985
195309677
155269941
137756302
195958101
39137033
84848354
199210780
259053336
159668582
139162816
28960172
201190590
30611464
207071941
257036437
156016833
160533494
12318594
224941132
92866862
178544008
163357187
124409088
170442957
125705210
24793906
59338705
172415425
226755431
186724729
97058696
56239756
44872042
43369504
137951538
230969796
175241107
185527921
245131094
60615689
29034054
104980279
213267477
177622498
261357960
230665866
230790
65697420
61681277
134180873
171908581
170370367
124576847
193726711
142914478
238359631
199453986
251368509
240789660
55514148
27573588
134985102
178064875
167876601
210369728
189878984
259077322
45664835
243841095
90859396
19177740
206613262
68199544
49094195
61495952
118432501
82334393
52787468
266761520
25599943
75850358
244555099
167452622
231773185
230402921
188076590
33397748
255952899
153943369
116889353
244820489
105509676
145831347
218162365
104506310
14984832
139448249
181255266
25429503
94872556
259244895
32858840
82091714
136336351
112475461
210496541
252062489
199731890
103829557
246154408
227627162
43338516
209712939
159637053
206364372
96383525
233110735
42457822
23257574
35190529
251740766
154372540
2028080
38155559
50851397
71321989
40137910
125703895
207447129
73325974
199567645
241801512
141612077
266719295
176037396
239730551
76762941
126648900
231671629
73162096
42132291
195560687
249582081
143236652
252032699
20090278
148821952
12588026
251038173
25644078
178963370
15032443
129779327
171713886
131390880
128035936
150605095
166835955
82880572
143395959
81341404
11983328
90694597
251091147
252885205
198419615
107929933
169365597
264315756
78134935
142237268
32988613
242196033
166964101
149749527
59559577
7545411
108502949
118996411
185317510
95587805
205951085
225151868
205054818
48803236
157141198
236454794
222502252
204959767
80069803
105973090
263644892
87538466
91989482
209620420
252337436
259477983
255658639
210901706
135823669
166290169
199213568
112450350
118968987
155212976
263754527
28656230
264833751
137839919
174956873
32130238
189284620
133581433
75150500
121485246
71903680
37783135
133099148
85404678
24352466
195234803
58310681
168193232
50393502
222596053
182924949
56821949
217003961
114223638
261300275
204981895
166403515
166317504
8429972
56902991
246049177
184641485
94490033
259743827
20980178
203689319
159890569
51160348
20765330
96953567
131375759
263609067
255318602
205825010
173208714
109796367
223567741
99269236
265424711
173740804
115330255
203960857
206336172
186683209
47555464
53520261
66558976
41356390
173951271
83850939
37616567
213752650
70073807
247601542
94247623
207068755
177847261
30660904
137138592
178534216
132370180
180632963
44294669
126366604
234269982
169349774
59449752
105338889
50078526
12981859
103862065
226061420
118255722
160646532
171991532
62507993
118083116
244753996
249756509
36387270
10437620
20760205
151132962
51790680
106418271
109338679
176506982
43657855
248290547
144274242
18975888
187072875
21242832
30561402
208463141
152256773
140803175
229776866
40739321
144137333
97540449
163147404
37808963
382907
226347645
91348786
68324398
236826419
146584086
64305778
160782349
210039927
154706307
232625399
171204004
51509533
115636466
72102114
227187461
84003076
43888600
16993378
111633082
136356672
1609497
11702758
74519816
135613813
75490675
41818001
11836416
198585362
198946715
11264688
120090495
117547893
43985579
169914291
132686798
68697797
45388816
268033864
33196060
105329782
188248848
127922976
67635411
222928228
93195016
19408736
177485644
197716386
121149310
161057778
16201402
143472872
36335096
195168750
85321949
129756338
43734707
176970723
123820315
158268692
664739
37282834
77294244
133066454
149779331
256343483
248771471
115413072
125098966
217071122
91424428
18383398
37282158
204795750
249048111
42075264
3054400
233642255
95755447
167927273
157707888
157075185
147559946
73775713
128768403
111650550
13012311
203228330
225703102
20369987
106022447
39847227
237048473
43275433
228595591
106603050
143041772
189662837
223829099
29823174
166359203
53308623
236306543
74952945
200235599
265323722
37764623
213791295
243327752
15288094
98773044
235630153
657554
163573022
187790010
236241958
207676596
91000388
218467107
177302677
119508162
31064215
110548876
8825199
107515015
87418570
160067866
47858321
209725778
5024634
243613907
72447708
96089146
108117349
162431445
40515501
29240500
82421659
164827828
192661814
64753726
235091526
155902186
220094872
198272953
136864146
132825836
84946527
174918358
141330721
147193458
12204008
201454044
217828989
78123542
260999393
136960194
153001243
261218222
89975392
2301410
178114753
40003625
114629460
104126451
100892999
95958080
223633913
261309410
8362719
56695666
39159243
259322492
123441573
243387755
267542562
159265984
95627622
32113443
244575875
218935468
145856162
257749231
254116022
219179907
247643247
218541130
157906170
204733485
258118141
20850563
114728812
46987847
173811178
237929079
173791698
122039261
179717970
185746349
200563147
217760303
136691718
152549596
49546500
160070757
111420678
103810996
110371171
71716921
4782475
73036534
64053928
259529142
229804988
33773757
33028637
235092707
199980699
48234667
45891256
208351874
129434797
27169895
34680549
240545137
240621085
130272053
211667709
116838854
94254997
230899953
186855363
163081257
126305485
257263062
233963375
13002227
147277476
88092877
148619919
65105225
159252007
51047398
156611075
127685027
71401522
157806730
213253690
199340480
92643640
74443384
82179757
131950981
3943311
204665746
93033430
124392944
67500390
1025094
154849969
29238507
229716715
180960790
22810335
18620504
86304824
185989521
255180992
131354629
167984486
47561790
260528172
149769367
9222143
107717207
34771345
92871669
191931674
13687727
3049687
120935512
13053609
25044431
124999964
57673017
50608276
14939746
58722718
208548524
150322474
160899124
122394960
18384642
245891810
188465832
61003528
62097976
122726350
5371811
7826249
10256212
130925759
129834223
188772926
145126276
210950058
105389733
71418563
109829122
265127216
131050060
99710430
119721541
56819540
110083952
90725886
243976119
203709960
89936150
3310422
62823432
118213273
118356489
258530202
261158098
12475461
33982312
34052639
194786888
87935933
43981726
150134068
193789845
129273552
30596942
248430290
67043667
44971695
2087255
171565837
33411679
195086631
119652970
248638177
110108263
164882553
257124391
146584980
25750917
250252564
150571443
107103349
44185169
233876300
164790539
95995849
184993946
201190935
29751255
85346024
146893512
150186577
218497920
68269449
57833804
221849210
10366509
205813584
171256343
165550134
39219231
105115626
141132257
13701121
73348735
204884773
226131466
198370709
38730371
143337842
129530387
225305402
151994057
120203040
217584489
127747512
134322270
43340721
47564379
42713614
147674482
36092962
144359957
25114900
138198174
93684242
196953641
30560094
235244351
215541192
67632128
230680687
223624994
243927685
263079991
188900748
91700505
49350234
125650941
216378776
181307788
76632420
230429659
199066276
189279262
154470104
53927235
241521652
173096739
40856819
2529494
241749391
209641322
260843422
222661077
108502545
61381854
184292484
163992717
181035008
192761049
267077142
250385018
67807195
39578503
216281588
262880173
62328614
71204068
102878753
76935874
228032919
143042510
243934643
145847453
18369544
1998874
148122922
222962243
232170714
131154680
187580143
77738406
15693346
128113430
46552182
39904445
70069215
182408524
20187356
143559479
173073320
267444891
67340877
61016225
175279877
267035176
92473014
89994297
245729600
168664550
81948334
100693489
88934339
45379304
190061603
32526046
99057096
27219947
118973849
266341111
246335063
1994724
186865131
247128370
200383199
131525189
118172383
240444099
56525009
231725806
96035642
41023341
217373684
127753725
2457945
114775363
2249268
164497457
105849985
236383219
91861056
203152255
49901773
163588052
134168614
226786282
148461420
43032856
149105570
135013384
46534964
231210217
259410406
4113503
117280028
146767329
168825883
130303034
215052919
54683002
79738449
24389444
257094679
202267934
114893805
127515916
68934500
187500140
263540693
34660045
267728665
143547820
243136231
209858726
180143194
156500531
43468730
131524310
45306853
227749462
212896265
98068755
202159532
231578330
202111430
194526857
107206500
93029516
70310372
244995524
79827774
77230531
168895748
10194468
44966557
103985371
94599763
198473609
154046288
52821359
234080311
251200401
120115299
31653882
92602382
37593912
160888540
255057730
160239505
142413005
223062242
192564903
259223474
118539099
254955783
163941955
142153666
209277776
190299926
30390914
84546909
74217428
212998115
137288567
24680720
53794812
124611126
43788539
153022072
67880643
245063263
265999263
25590603
200071176
46403384
172700252
143857576
39082643
144742251
104565002
191336934
4802563
45123208
166960045
73593076
266973238
93084651
89162160
60343700
239676106
89001693
177260743
65519274
257657155
68933711
144433296
231098034
195646857
121046018
199411065
30890258
112000481
222885754
99672254
37958367
16933541
221940874
190857814
78011930
26304431
222136374
223211060
265278906
176292277
73587131
54434129
87654656
204844498
231064407
100046128
133213381
229744260
249516577
54420768
26689163
192948827
192872827
27133584
44165321
35716288
127200241
194915766
91614195
68808023
19678549
207490352
139186126
38188959
165658474
62440547
240531163
202186234
260680878
206775967
133339664
127472339
119043738
250348444
67067431
156203004
206813879
145032115
54123250
174782613
247172910
159798290
145794438
139493929
45411977
36355810
165972963
165008846
155397234
69109007
148550126
75506931
29185620
260035460
18028163
27374057
164128783
247544046
12410612
209856666
13116801
57853048
254199723
245070815
250856594
100478386
77167709
91265947
120360633
99821909
43343847
164134970
222605581
192555988
112193268
218620527
268186370
51001628
52984168
121610784
155555446
68996758
97060416
39247960
175519813
178244398
217552778
142374173
165083362
26765433
98568910
74400127
139307401
266877118
134766210
217104925
205492386
264862324
44701770
83928625
147710124
259056245
260912794
255174313
124226278
227515493
202645390
171047390
26954774
249035658
169860199
125654003
77704423
137238628
184452497
56990064
241135583
174436049
84300400
120901676
37167176
149008307
68476025
180818230
165539138
260461022
61381304
238578516
229890140
36552285
23012115
143547643
203416429
7632327
37082509
179105271
39395366
4117363
182894278
31301621
45728745
248305233
76915078
138853182
259663555
32150288
57172937
143647977
66447233
112063200
200359959
204681395
182099740
120391934
79514545
66149425
52329239
87056913
70093831
222315325
151467263
113939148
215722845
253215581
178079800
15193402
165706321
211927353
221788188
182675408
211563300
149073582
215830594
101401964
240849151
266058680
142428402
199155651
175302997
211223808
67235795
254479970
45867211
48082550
104743299
119783394
57821907
125109111
77756376
22220136
138023605
211306874
33718098
45015415
234487393
256657694
37071878
176187175
6875943
214214898
209843576
139883657
41930533
44566644
169146164
265747869
19154659
55230890
115760163
56542661
11592088
108982960
128981748
218967866
65228719
120977391
84589784
35199285
169980921
768260
201590256
267009214
210822362
154072534
17420315
32857377
203047813
96257093
23239956
267635576
33345817
2891587
208570818
9063536
246306420
29099438
87699884
6264772
139573705
166876646
136590384
116066558
244227427
142284299
256955765
245519525
120638442
123751316
10686053
87981129
130009513
33015937
65642656
210061297
16854984
54046598
129067404
152944036
208777794
150436167
258412329
65790376
104134780
170246326
164166756
52097396
206681657
109110975
154803338
145971237
263009594
8959356
225240494
180486127
116098565
246485926
14689743
121451991
262040137
204518050
243371818
253822271
80979492
47463971
254277676
212518715
68669891
86462624
8661913
230641774
136478000
133742630
242427558
230598949
85043068
48924473
223036245
140349978
2385121
114527916
251002213
92549970
19587932
81298245
235271426
257900497
118002545
200537254
191885016
219069838
169720639
266386135
65546758
128303309
37682963
174033884
134901028
157582841
159253172
160105875
13950462
250600402
28403541
111940848
165380720
65735007
135490817
240506602
255764022
246666578
108717351
267685209
153185732
188251727
186129776
131988188
261764143
13842253
213700834
1662704
1637075
254166984
14782314
78767745
19519196
54670863
10474157
222091116
52205914
188121822
59338144
133421385
107320279
122692123
220945532
234406869
155905152
74966172
169827830
185889597
257609067
86543715
235379409
82930074
133779878
116118397
139229533
96187106
31792352
238674038
52241266
42511198
180980215
183376948
160025053
38735649
59659104
248030364
178270183
34334100
24163624
107174633
200797444
128622656
180746939
207783076
38433642
34354444
34491480
90382750
87245957
264374367
154030119
167612415
198134515
88673909
168560163
141739112
172745051
158808345
90063568
155606132
137064518
72796265
57086791
223981391
193019378
253186546
226179971
63642411
97253888
99827037
120309085
4841299
230150515
50223641
38684899
248869893
148538794
21029169
255809578
207416781
241190793
34871442
25018614
207140227
102905494
190436904
100403895
145840753
20759414
4777961
72363667
220790575
42983458
65618969
248215850
232363548
196673043
64995968
253602812
130866908
247083272
24656616
8582342
196773474
221587801
94169155
264844813
232693937
61387773
266737641
176092950
83120753
127326096
110302252
143905943
29503475
56303278
260130045
51638265
170860506
263849696
153936500
252184160
23411158
196376786
80885745
204180197
155889240
263246921
255847232
120209581
99347381
40900900
213610485
35757404
87470590
246381082
237023147
23207461
101697632
26221824
251492904
17355870
7908506
85134637
77166723
158736361
58076257
34101920
128648880
172266979
135927705
163394577
143170094
87230421
3052588
152619591
2417253
18432283
67987222
59611508
202142428
191472393
25228872
256098174
242241725
211266303
227320492
211137789
161184941
103265910
97493392
64077251
17208256
250373535
147280395
5672512
129502427
38306960
252094022
120516364
261699089
76556715
254954400
183753039
42259294
122871240
260917240
117895753
128674885
192622729
143443777
23052381
63636494
142642408
224617644
230924501
52375638
199450544
83178211
140891733
56211873
86024268
50641514
24656318
190936614
95454561
230986398
58006229
57774798
29477204
56509826
138181813
208211942
23852498
20750392
85448403
24354690
61169176
262862361
43980223
191013718
225938830
215504454
237500322
50606908
112474042
210540927
124957552
150721907
70816605
198873182
152946075
150296327
212326379
181391311
105298098
168851284
10053789
242017014
165393005
19793758
180764811
120852751
124394749
179050425
110079688
97157060
62854868
30653981
124062390
214367406
104393652
106252926
203405027
166838161
108499040
188557919
156112540
257482328
61661914
258936294
88850221
264113207
149871907
30221169
26184639
187880508
38236720
213422246
65374426
41814310
200518872
189074899
48700482
135926028
31372991
78090056
57629149
205825574
158521715
43917361
58439833
29870939
148348436
231637895
216544071
252020555
51469254
160357261
168112136
48755133
53951361
230897386
8353586
107217022
29308737
184811431
113484149
9660847
264094512
75582301
115101079
70607992
223749025
92907928
6440761
261352344
158377747
226165133
24688053
232127557
173876581
32402525
173537780
36330918
142745704
175097751
124959138
109158835
134766997
122012381
95784332
133529795
237235490
254872411
132944742
49959097
187646648
163347462
184281299
259298826
234474364
176565335
113388747
251084563
243388870
200096530
168884915
218833414
11185921
168369492
168655515
61832088
219629143
166294353
74734744
162792674
206649865
259755627
202915183
12478848
29074717
232942148
146528699
98733376
84307310
266926884
158243922
219530774
147072133
194277810
206137041
161805333
132406042
13436885
134532146
266818337
41756800
44222137
145801756
185552077
251681376
162792842
140004956
197495658
160760660
36517366
174166474
122692537
42063002
89926998
38259814
227983592
176696339
163971649
38844571
56187999
60870568
169425402
71215806
80643071
182745566
36231367
120967557
254973248
68869769
30856004
123712864
171889922
78131078
57642265
35867345
46879260
188468134
251893916
206873483
265021289
118555640
30548435
20158968
30854023
53543244
75912096
13680068
187247642
203139508
132175583
29823608
9652744
104124303
206374327
239409213
173459181
58723994
82335058
22829941
76788232
62579001
97647279
123945617
245760524
16311159
35510190
191428511
187587224
222767896
230372179
136360398
129754337
78409500
115354448
81443299
211773433
9645921
183856869
203599201
155211403
73101001
153215146
112457990
167593708
139345089
79838675
248130194
66222824
66410283
225328150
131965259
32433952
247035937
263108134
207818477
217604532
160155872
26163272
258699632
163882918
236839457
24539980
207977486
132036046
209662083
213918077
87594489
172990871
35835395
39020867
205641112
180851788
186213183
32080792
9201101
99648865
98363510
104009133
259562908
248566843
67083435
89708288
3741363
129386654
156548126
29296682
159541872
248920717
198433933
242279513
85873490
21193414
242516204
5449858
102720306
162671988
19658189
41933966
207879991
242819723
66935777
227413070
233850413
126214089
70761298
175101684
252998919
180806915
229682724
178860706
9149913
265136956
39259411
235506936
70092980
38973523
218213758
124034268
171995123
63690278
216046971
56381780
266338996
15754112
100046516
252097583
24173033
151000157
1334983
21421955
90502795
125772934
7791846
73501472
17179188
216445785
242794868
238731656
199611394
245127588
120288909
53599704
208077730
25449913
103906950
251665422
130467977
261855453
142835777
110164638
237925921
113230621
26568765
215486617
7688336
244997025
216490602
231006417
168309468
186488073
138815661
194888035
172202412
51080160
152491212
186303131
39269643
114396223
174719795
92640413
25434642
215057907
222939354
231394667
228454544
104907000
166614819
24007045
47018972
160749246
164442675
105853239
116663932
169892477
67812620
103726991
264441843
255639463
119582000
254328424
266048237
203783058
24933325
130696115
44553766
51556383
110469195
121201580
154853034
122371481
226765317
198340027
106293007
58147215
238010644
197004075
92497634
240491209
188842297
144220505
115736918
21950840
255256552
226339779
252730713
49524539
57127039
101045893
198516267
187525530
251656381
196114689
9639796
153866581
147254209
145031449
183392927
109104470
47517944
187458760
11705270
106244111
67168250
83127208
170591244
184341748
117815458
28025571
137477993
143971321
262794452
90180774
235649184
228310699
38024753
235452690
206179761
62624962
149552491
257982644
140595385
213407442
3775924
142442176
183194867
153901249
244294036
210221134
138662022
191920715
224557787
201223542
85032979
33519082
252916053
233162354
72932237
69257
197187248
89222767
239082532
255899753
260713869
122849057
263519148
151233744
258614031
62032906
252566682
127509962
15374741
7299934
183316916
20809467
262384599
57555275
160742247
205008211
200951262
122121887
222320536
150376800
42541361
266969929
217390980
141456080
101532222
79016421
28228319
219167146
16209808
125323652
247195711
209298820
143661018
132476973
54017074
91786824
154459793
57541073
139805358
165178175
259459836
35478851
34718214
73389170
150485262
92473740
102703418
135969441
84887514
123948299
146876112
2083288
142500800
35057056
246212701
198581644
245354745
114704202
113920806
257061212
141287499
118478969
215106446
231560068
74223149
41464339
176546157
58521044
51418829
202845532
56540061
179495209
132080688
3355277
37043898
266508102
263249134
238808855
236185455
262678648
169989282
168157407
90803470
31503845
74271242
159245760
168721228
114225264
69267883
261583619
214378224
30431088
127179549
28039107
254662234
179972885
168362507
165277217
31648977
194439612
217623133
110962711
28099162
156275109
74992200
83660053
41200839
194027340
6394976
112837787
80368664
143280077
240554394
139569465
174627494
155543491
27248591
177162472
91856807
197339344
187817917
114477816
149732507
65551876
152715546
233934348
197032674
96255142
203894015
160447095
138552725
165219760
110463951
85388113
59333374
35000019
212160546
243576732
265628197
153457625
165349916
43299183
97508660
97953548
46463083
116314980
162292163
164553226
37936976
14865895
38258177
158485390
5174680
8038747
159379705
261669359
96546515
41255630
118412278
168218126
266505199
152146822
117972980
247110684
76554298
198556746
19592668
248777934
235501517
68758136
127029824
240368823
369363
148794133
263203415
64146755
129771923
161031474
225377164
166395459
31673665
163683437
208494572
48975244
52061898
180077202
115308833
154825111
202207886
4957967
34362456
232976471
120810937
36522985
265380154
260187858
48158903
6000364
114365337
84292240
258382251
116157847
187725448
82399019
73669922
249612555
56949458
77431618
161960658
3834578
255439320
109651480
6318387
68362021
218388894
94065937
10711253
115975405
229828520
244428050
51458687
155093966
238505628
91053830
171890315
215435870
222406777
5377721
195939370
22774388
217664329
234133655
90750415
119442209
208859078
32700619
85918477
125531452
107251178
156369459
172769613
260160241
212909495
180016528
115288869
193956701
888563
144257863
240820322
22244774
124665113
263194367
40426290
15071490
119020093
228686354
32837121
248392622
67624729
167282160
60107530
21550419
199536626
205844662
173781607
19831711
50438400
11922094
230976104
17911602
179567654
40898550
33368099
77981834
74975476
233986696
253032642
192001440
243594355
134316569
263283638
164203944
35298335
206678407
74669114
70376040
9668218
152293721
131469429
20249348
203798810
257662136
47620378
99808733
13560406
212980711
74816139
9903544
41635973
6680437
80045765
58166347
2769527
115939341
266038206
257072340
189155514
60306873
252109696
212210523
13001918
211178914
76258701
15745526
16111628
223755283
154810300
31480418
145221189
179922828
214502090
106706643
13157483
266671503
116596892
263820346
244402973
141875054
206156025
37591532
102023911
24564233
225870069
42808247
107720515
5979923
161763756
217322896
74655496
23647941
223413050
223260477
261357115
127321957
79252569
241842405
143458022
171395943
228380021
5469737
193994060
145542341
182247972
2394142
99226426
262079643
245871024
35215909
195136003
265859945
76405624
250820941
140811590
186984826
42093848
60026781
100904399
236218880
27830853
170817075
258622637
213251542
91072124
243761590
104507037
38736660
4874766
57065093
34323018
105332032
200805049
157107084
8994163
162286786
14480477
210622282
255298016
56317848
256522700
21171002
238170360
37699990
235787809
46903931
84615328
10969022
30512154
56070948
88020196
90900133
246777432
125826406
100133551
45697026
178779899
111683923
60432237
40622387
80095462
147300973
233960554
60797971
164621259
131232954
259035497
251693953
169542981
75144126
169822257
198282163
31384278
114718651
90812970
33332390
63657372
111804070
268022220
185518336
180123019
246055443
57568972
77832125
118449181
210790595
251885021
160191055
117300568
248376478
64747173
200502016
135804488
172628476
99103115
208107324
190965135
55719873
126034957
110315835
39947536
51674213
6520498
90193581
110765684
259512213
8525889
150823043
254661641
370161
121181458
138388315
131092941
74664687
126048824
254660408
36944621
5619381
105855224
47099752
69863284
234493873
55179191
235433627
75786363
203330615
59822354
31200094
72509779
67163627
143636469
49380228
96130435
107483763
4149217
256567382
224561705
117701668
30707772
195971892
46365228
111542241
260435139
73941103
185949798
200900748
50616088
20998553
39865205
55730754
207553743
220483922
24588561
54278123
145557174
61713048
69686118
237194423
156025788
185815247
178455765
245224786
159126833
185357091
170766484
176960300
83439775
25444773
203998581
230665383
208630494
40652558
70265675
74143531
260096358
238606371
83434096
178005794
52119723
126847972
210479027
110071662
113760028
249888802
88789809
71686075
155545450
103885229
155196654
31751044
223150057
189103888
9648405
171367007
90757891
1912932
193078934
129920211
224942307
211323530
144734044
62935212
184337433
155075733
268273225
1141805
36435043
44404633
47121850
187403312
70400202
5190891
10586117
74453521
193522265
84386040
171266489
6530125
130225457
148017525
219166574
181565143
57103569
66136659
232789860
123029691
180372694
145931732
87545659
91894700
61330530
235355518
44807829
106588352
255283749
35513030
224739039
207552594
149013254
112931789
195875365
28307850
170157126
141501522
207654335
40370308
198676062
14834849
232512932
50880101
169699745
191443947
211384797
225659062
265527840
79697131
9362406
49125949
140629575
46059135
262478566
197363093
260454860
125396370
198922864
87984897
50478042
142119684
238867240
136051483
244745525
29306388
233280087
48313439
137110525
251617388
59533710
203184376
59184297
67096745
258687375
137057115
185263401
67031240
121651468
224870360
198212202
132161407
189778704
204983357
144493900
129930302
133983083
36433256
209018347
52740409
184841585
142812866
239702565
34625737
136936806
90780534
231415486
260249310
60025964
253768628
184581706
216738066
74039740
231106777
446301
68192206
90943687
236586929
87816254
59934747
123219375
15978097
98230952
184742889
806983
224006320
27045543
120793227
53952549
124235565
43561913
150040902
228726033
150157072
172572311
69288226
24401097
141523597
79268101
161638244
125504057
20669737
170416955
149185551
119575684
184862163
75345463
77089115
136512964
155845783
64439220
217368133
247892447
209832298
151488310
11661877
94688378
77170317
254816891
218082973
244524627
223188914
179521414
219452992
4812145
34977555
102477694
28619375
171415459
206593345
113996468
70390116
174727612
79923982
49851846
50998426
189064601
227713248
126957733
62603709
230945078
1229503
244385864
237041592
205638963
263920191
100876858
99540817
45708197
5574264
71740718
232442469
7235267
151584190
72106217
167609389
105952191
226513923
234324346
85828474
2332998
98665917
174441552
20489597
42901358
87209631
72870228
56692103
210812665
253053140
184493246
231519057
188990797
186724629
4301567
128421581
103331628
238761276
14474171
90352461
198338329
89563729
136101944
13798572
257185871
108423365
197104928
30740306
84010609
184387157
10117765
51683141
237781592
31235265
154103168
252718086
2529315
3410322
111716869
155223373
265645296
11870213
255262306
79957047
73170500
121116865
229749210
213681671
233832289
261426274
37304340
175046449
90313359
78009708
47362252
122600325
86823899
139695207
145789411
49982987
93452070
227520564
237209732
59638281
56174028
11547658
139796425
260669125
251298239
191804716
188341789
127504736
246564797
4725852
150667081
171321698
233993590
99928366
198653022
96348561
223625115
80872269
237280943
65386792
10833464
86298647
159588128
1382330
109328288
265235319
97194318
128081337
256576347
171999316
30858249
210568057
107635550
223535733
211777885
207709924
66328284
21998846
54502526
140197089
112845728
226549843
62057976
40795644
248613900
188650326
195739700
179645014
194674720
226893760
214038109
62695998
190287319
25670922
200242188
192670161
187753508
147531488
96685466
63724177
255348726
180210483
63165644
119282372
97530697
52397854
224005312
177600444
114247950
2448053
92370556
241341851
223638332
121614052
228411796
20368237
216324549
85953957
76043079
86009523
135881611
45947126
24531646
257737099
166708866
63436244
247204003
70342026
195087085
238395562
79700528
261770674
173893836
265030184
79622530
77013836
106961103
18949806
47919961
218919085
78305342
43544611
24703176
126681821
104684224
244070997
41782252
33045881
194045404
76532109
107462344
255638390
199538512
75554333
52583290
135925266
22498419
159808713
141081089
141308335
120791066
181061899
218092622
50308258
236681606
61789674
118426475
196921218
252463301
230727429
226771914
260920999
255310318
228913540
128557255
127742927
40863166
253012058
13843016
135548994
134405799
122681208
8827741
216000466
130025260
145427686
198119034
7731676
35412264
131156338
181190461
7402861
163605048
237127193
101175070
231069937
236254645
219219238
169707664
75918900
131346990
197073699
241135050
240442420
99367366
234836094
54449320
123001744
23833065
182595406
44232318
154630902
171951527
140178989
127696654
160490074
116750343
149927826
110969244
199050551
151912723
167460248
80305987
197593478
145663668
254502306
267058281
206568092
93967724
36295345
50348058
245570513
37686334
263988408
190773877
181176148
164533152
151424277
202367440
132363562
203344446
44751607
257660980
37609486
65214242
199296713
55030954
3594151
64936199
65464264
116496198
51385398
20118198
62859841
213533874
155908
241825623
220750956
1946557
239326684
229151916
39006643
147684037
212140099
249796344
159084166
19483758
145954627
5274165
22967134
179533688
73266683
59784444
130231642
239272047
92987085
256197921
184831470
16486817
95041547
68368540
233533596
98505861
160379537
252143738
90641761
10971062
19411775
105096084
123752311
126057807
29188120
37205189
257237510
223095420
6597988
8726930
50900441
245089597
180434486
96553136
84660355
137513283
238591899
231695259
71112324
41230724
167368344
99388755
198352284
202958468
65299098
36064235
261222305
57481433
78232432
88807248
33838856
164136041
125280226
158043935
245923238
4193389
106813312
167384436
184954364
187286339
129699133
5472633
208132962
2462594
206175122
100156842
187432438
192380287
117049598
185251336
220010456
249149975
107973932
81873747
228830544
20998396
62962888
177937405
248803297
233247208
79567860
166273483
243346243
196457215
202647549
26354945
49001440
122374344
2992328
66178425
81157221
145558916
157330297
169381312
101625675
215842463
221430882
182213211
258457375
186490709
123575467
52732103
254827486
127592099
148460732
178010626
109424573
181051994
30646037
263866190
2897325
177039468
267567985
115343543
145439411
130860608
206524061
214864560
34317413
123701049
87869643
7381848
79171681
35414803
35391963
34324790
116737216
198713716
142956447
39308576
261277075
76567936
141990360
121500529
86061440
243906130
167034508
81753724
195950393
213244842
15815598
109362712
257786172
162154085
254816817
64482546
267278684
206009548
86229923
91294116
109054700
185428262
160616647
99230866
249520557
262071673
23776739
171147430
102070077
228620913
129664891
242389468
237650155
198841360
122708354
11017241
198698662
58928135
123958848
38588762
178319426
153333166
123142689
205723565
167538917
106296087
175386700
221455324
140768828
133129081
79123185
66860510
131956743
24436558
39356464
205325077
113760602
155217510
79116765
82898225
190005854
123253174
161881117
111662141
37466913
183743753
78479942
101799701
5809967
74300998
28654087
133805197
19166630
215975937
71819371
43036949
226391914
80927311
37886616
43074259
130532494
236631701
236147318
185808946
171537575
240465742
187203582
243297812
262741965
249595161
82573563
267716979
89123910
157217423
38753661
68567360
79130339
166272910
78143744
248460734
97645571
236069040
96289996
94230689
43026073
266764402
110291076
43297037
69172116
178433179
200799968
12674112
155770965
130613192
78415560
126280474
94078713
17505645
213456164
239036993
228970635
114907138
94534260
836956
170958943
131746805
36526093
257599071
165007473
234137183
81364684
260909675
253023536
254423445
175788430
103051164
59190756
6869810
121394196
176008619
237797904
185638381
97621954
259621634
61464816
155610097
64664296
229216115
93882427
204539917
25445882
87247120
158741011
110735574
169152420
149368255
69372166
260222604
66368803
223208325
21848616
171731316
110667449
33598612
214804081
54535076
14459393
134410513
22464803
156585944
153188541
250571895
250453100
151819271
13450451
5057152
22007995
200405424
63298207
28867178
66275611
33831792
111944523
247462481
58126531
48405025
174227262
236743523
60523545
151531323
239738572
133055161
102845755
168574290
201259977
234457187
145274434
96441651
248421433
198623320
39695353
239674128
206332810
30227669
10494126
209001879
59857047
1153148
132952176
128118356
153612368
136945017
227753302
58978568
234244941
37966393
255297203
19482974
212367934
150798040
70094644
59669068
206670270
162163352
118523812
135208383
58525370
118599871
112924550
76015933
230080617
187247373
139188404
261005086
146150768
104838649
216744538
164212318
199280594
226200149
183417926
236332037
61337733
114028559
11101385
175698180
199693226
251562289
206585056
79067058
46103551
105608259
169037374
80829168
125355549
261418921
134916340
94340238
145676148
80634819
223443972
170726703
103294996
3128755
92632134
9428506
232582435
52721827
117445595
38364928
85883306
92831557
64085610
180205086
250568410
84245328
15203372
29192556
39749969
139473291
266672249
262564460
264113040
168334530
265846221
237506450
56526475
63283956
195005016
148776465
136694110
195840680
239468162
4710595
131369899
177204403
193731669
112016878
124119027
156704947
140190071
34468726
16476342
235279778
224548387
85989613
171317969
187326182
173354566
238278814
78108102
155060810
164711956
245886710
10578191
114929595
7710407
175996911
263588062
136555093
147503201
18564295
244802248
6428539
171094147
228983060
32568344
26853861
238471373
65660615
124139574
12720862
193450072
237742097
63908301
179825176
55999272
197736855
158437354
134448066
151101052
35410054
175574949
219031228
215767867
74995859
78985237
94305955
215786240
154638884
174032184
117892222
139337241
249225332
32226038
28364449
95851571
254893521
55734646
264123282
130590134
110757614
63963781
104584986
5048665
219040904
62491065
149692849
129125134
175283769
62447174
32949233
104374050
254678218
237487640
177449774
81301648
213313210
245194826
16575464
147589357
164793744
112470687
237199375
160439682
123849695
227925393
21454843
240474863
113386952
190738339
200118608
91817825
259326329
147493084
80955497
152020466
15937419
6627077
227424987
259896095
69177265
216896041
171747532
190951850
78293458
119338615
93626356
265842510
197947080
154348867
96712369
117415716
87247906
266817036
120360237
104090459
260037490
251410696
78709205
113764901
131052986
107023217
66005578
89853624
140197469
60904173
200545637
9116091
112229388
159101225
152647334
192242594
122429668
74861266
251813186
157469708
109192711
29506684
243132400
160961508
259720206
220824091
155481631
161052487
172024483
49433458
41812660
10774982
168710401
71883281
153137286
110680089
170781350
268394315
120987923
260473594
79206718
69504487
196041126
258718259
19137150
19744420
166193028
241775438
154595695
176588607
193142648
77790783
225956740
170812286
192978277
134556643
70026097
242969501
213651823
82307440
104820831
172279069
31430458
26802135
65844072
32964942
32059076
2966267
120906369
235136219
106446611
146159064
97341738
221061178
235658947
33167151
249872193
161039783
163326718
43708327
52563098
175356941
235774691
25080308
773549
170954441
90422318
138267436
250572308
121680825
26975599
128570405
135217220
137103618
147560611
2226767
109762989
17251873
100355255
69418299
256743632
73623568
100521404
179976437
189076385
21426578
13237287
171160471
220114688
175860336
92353139
231163173
109788672
58747290
191770978
168117160
42144582
245444152
38649885
166244301
136266108
182648553
190756759
220522159
21072569
158492262
33291550
188156217
264284485
128397091
86685204
202868108
263453238
169736980
260464345
220275074
261262030
29852032
82557905
243213515
241529852
31704511
1896367
156595120
253129688
224779532
153063984
267459090
95123493
246407900
187310357
225747326
231094071
250703920
187233296
106426207
256553039
84970252
25594252
216849059
242959790
1808705
214548387
253401347
89536815
86971516
211773419
131259972
233014208
244844156
12122251
85413721
133358456
146316970
177840350
171923434
224791442
206969615
262407219
159655071
63119805
36185125
101944386
206911597
13282561
101035817
75602039
196399502
168119207
168339482
106830443
143526018
82212522
226855476
31786136
86841638
7628712
164604381
147520333
150211741
34737351
141332142
199987701
116768845
87585621
197544156
170326066
126094064
239239320
53303218
191547916
168972863
138717483
236522378
140329468
147522001
92086505
228169410
142690450
100331131
195355070
74242466
120516299
20652723
254895001
169606313
188324137
122562056
8730573
26578367
130348286
202828170
228917997
254305085
171428981
176408511
94284710
72857097
268433394
113323261
12989751
226186277
14814282
254524721
171276298
258206360
162534200
83318637
215060211
17511964
210660135
154265470
139462412
263443981
76303427
140655338
32147209
56416677
107754012
126792590
228072896
143677996
172386265
237523834
78063381
63993853
98209191
3256802
9329859
239298233
237124447
139305271
258345308
182329393
243613670
202564587
108037184
213368968
47605007
190272352
98990593
190338716
40396684
52323572
83148047
257972516
257072447
66416379
85778738
247994857
6953445
131531858
267889532
33743079
180694684
104839703
76607412
21397533
230732377
251089929
51559146
171601108
28524323
14173200
104649063
106968485
126024153
135152392
72907086
236067389
44244490
79207063
153418401
266275413
145821979
203296703
160537014
207044060
85988564
256589957
166145201
157423053
17844948
257256711
27339430
77154527
149942662
90301718
149578563
187563062
115155716
5874188
90479992
129283831
266480414
102319111
108706281
226148877
265867151
176597680
217349308
104738586
75615551
216548795
93275022
158809863
241356996
265236764
20666089
155813330
252624030
129243695
103145530
32691737
140159714
182981944
194036870
24171308
219905379
161074958
191802213
262456021
147610159
142530840
154408690
157357988
13538710
39303286
65522286
158125350
159364295
220069907
39390749
263403458
91247879
126097530
109081570
191463319
259606211
217719674
57716554
87100115
40301733
367053
88634485
147852322
227643047
49345781
72442100
143119205
143656843
212231086
267185625
264672304
171466793
252899909
59018604
52643305
101788678
199643269
233178201
59768643
144139977
106728039
72013519
117307074
268269170
22307564
66180076
46186079
37885304
50403742
85700693
63249865
120482706
206777563
77737192
63644392
154151545
84047993
55734691
149958381
103748669
69369503
189038969
11950936
57570419
93047178
34223541
5170759
86234370
188488844
93546312
185834487
50245084
4965771
80960237
21143123
66255310
249826751
252666785
86876891
104617959
200732134
25533181
244598863
245080285
254391264
243623616
198068556
256290444
106352333
68025172
167489266
137024777
108111084
104957893
60584252
233253955
159368921
179584489
23820706
167395828
89520302
114415067
146500359
55326398
88104612
185086834
200218797
260601456
256808760
50295345
255265116
149694130
236720497
81361802
75853087
16000784
84646401
130369562
75307050
123804594
188946927
159192615
218589185
181081624
237811840
185649595
217905873
79957814
265959200
118198807
90594243
106003117
40190594
174049431
61995452
176527229
163904526
184709005
84640747
223239746
1189272
187916470
44702323
5647806
9434295
185333744
225329151
262425457
116743779
10870603
174174125
224445056
135862638
149839679
195290189
69936760
214924863
28821414
137510754
17644474
204494717
202162455
237450607
117727287
125241033
243419199
70121955
129912274
169633481
47963814
35866090
114792997
114945224
152244821
106271227
168972463
230784236
211292504
206513164
107092542
75868146
207449711
232227298
227932592
217947429
8227243
195144915
261469491
67981835
233902184
42908310
234550863
88603077
148074574
137803725
197932814
247117430
195740055
160136255
160970532
117335960
164799386
122002694
166781911
107877404
28658678
247242449
88351747
41834445
8621821
253705525
251238804
17849738
241510072
66645603
390730
5632447
60509089
51585723
44402774
28068672
228459926
129576163
179333142
31070019
81274692
72943950
249081658
266229413
160414504
23872664
228080382
61007850
240700461
40551455
120757402
142520455
101312520
226945330
168418102
10371445
1869461
234362655
88325067
19044156
242492304
202922517
95591717
186179684
160269534
100501696
151494141
30755023
41950835
219517920
164601166
55838584
95136933
49696762
190727867
108626964
258191891
261307173
208666829
70196194
244186309
107032398
166138733
25495048
86455925
22747957
139603416
74417373
240685670
106088600
104481145
39770544
86920953
222349886
186453429
64619553
122360809
243678505
265833433
172550866
134392556
81612356
52925515
159159268
37096944
165551735
256052476
24105512
115870729
119712734
123485385
198413481
231848388
129076001
61307247
86815007
88772685
43204113
210142018
213993071
260135803
180519077
179650826
66923678
28514562
44464660
154176273
246913526
43720646
181803844
170806823
177170981
152468659
150812328
86181551
65944358
41066680
245251798
252787551
242237392
127296868
139830836
81607265
85858395
154519236
179753058
171027046
78365860
73306089
34267161
5950046
251723154
168237848
122888501
21303025
173678378
22537918
32217035
182680903
65925845
164753717
25277734
247101
5362108
50180213
265561129
189520893
5753928
84255041
232856028
251669423
203963782
116453911
263436372
106184611
14584045
129219216
80259440
2950763
32722157
195225676
8619302
134618865
552882
132976271
69527482
248801193
200291178
121654499
24898149
210678867
124976189
152021149
112751719
1713519
237730942
168812258
76331319
125951150
76688095
71469169
150337832
157251441
136035347
39745856
212552359
265397067
87946290
9506030
209899850
56984820
171448712
26708398
263367650
62396577
184497141
123826389
82193278
244463488
36334097
110654892
38372661
175807921
145543865
3050288
1730907
240613467
30345460
199991586
139926765
6593555
259974101
181537346
7263399
204783816
126478845
147115520
176742160
28625979
195069425
35275552
63292919
178411963
262823970
171192436
175045880
26763286
100659565
37810229
56490347
251355655
151283568
53589132
253808245
95375522
123107764
235791613
134923747
23830754
215363836
214527058
99275554
178941248
93239740
180278572
240905207
265154687
8608716
112205203
131093718
181099255
142008832
111195232
184539474
111247239
93533752
135506502
198444271
86369389
126288357
70028848
130692172
116126037
102927482
111637733
9586802
14130031
233236917
142298271
197809854
75444940
171502030
150281407
247303764
65475638
186118008
246483413
140567110
33590547
72769356
162799274
122437499
118805149
200062224
260442876
14261171
129335513
171122951
29953562
140573777
167742931
51442065
230116544
107569760
243875598
248344810
48378655
233954188
19350323
171319200
140364639
78586346
265777570
100938764
222034250
62760573
261658532
245804388
124667146
93547554
127877064
214816702
8642556
92185593
156392509
232608874
175120587
266097037
192889195
123204412
105613193
217755946
75399956
151877112
70263189
14635690
154441174
136200999
254761601
178206580
156334961
21224887
32869352
31368633
2970961
127452483
231944536
66657015
119482765
55122673
82634912
2487780
126783869
61925378
131636529
11987047
92151584
50446847
170677068
110064628
266956549
135754785
139353934
196801586
254929065
114105104
127692285
192670341
147446950
73536909
168822446
31565759
265846665
183706690
239951730
103893251
46702687
161501399
156828035
8208263
225218330
59865792
104578348
101649308
28412622
85312563
50443901
121938145
20159271
47424988
76855969
150712517
86396932
3789259
140928861
155404642
246448185
139336645
144331264
135424909
86845666
239454168
81776074
149562057
258709586
125650815
186933640
185487268
43849153
152399104
87146959
46281878
242981595
168417814
107008361
119749808
90528897
73320699
109828123
204733299
64375061
15273922
5794749
77560417
139053229
177265933
84062480
100433254
168245
176473663
64220557
83094374
246105312
69583049
33430106
171027291
217109885
205535117
54133050
13683887
182408905
22448192
229060949
142409051
201971669
74232395
238427264
172166173
112033252
6023282
21257968
65810379
260825919
68251237
94790540
107353511
38128517
33497728
82483992
117224037
170137031
261969681
194356723
118085124
73697813
98772303
128292785
52572719
6557897
178305574
234273256
26213361
106006200
258095209
179078158
235858047
33728071
106114885
104826516
255800729
145492993
169103073
151020027
10332593
202994467
102777374
142018533
155478103
53755418
212424808
148714876
195102589
94626542
260723108
41664508
139579110
33490212
97413211
99318069
47969555
130742746
175905667
163879938
145606764
143741274
12429694
141696833
201238479
158318146
110008462
1200919
208046052
215489758
43473104
207542614
78671451
104305628
227111863
183062819
230583446
247422109
71631592
251853475
164319053
51986804
13689799
192159532
257782365
215548338
135857416
261490685
77751922
92241462
158534228
263445288
220487113
151918841
208403458
200744558
248105901
159160749
146592009
220640327
259547357
256328482
158896894
160055380
140514238
177382161
25713800
210590669
204978140
84693251
44977551
210177722
78478150
155599764
32081380
91508852
266567647
102081652
64403630
34584480
180797298
267421158
210241798
140040164
14620805
21646400
19597254
99580177
186312873
81668320
42811314
186043825
10087868
207397359
250770249
220985656
201625164
135715473
190489511
51571930
150489239
58517907
96814119
252367988
33873318
220814381
33012422
229836110
108717734
89896453
160738438
65923767
31050514
7849969
141104023
140313779
181105624
107778895
222521287
48588034
13099321
119835095
40651565
222121677
42850179
210650412
8590307
73039323
34225532
3922130
56863542
3644548
229765737
62521942
96733873
233926171
129747115
57777487
98109686
153628546
14960601
204448025
36996048
87003518
152657186
223782640
109710810
211604643
87358616
247689226
28221557
193775673
88172394
97690171
172251613
229307562
68397890
15094852
55070794
62156012
68277154
229609724
146113627
137223240
117537195
92817509
211402232
180350379
256266830
238360923
161429990
248087304
154760091
7103297
53230581
212812295
49307152
3963817
261118831
65588882
226251261
218661691
179932787
27662893
206502345
267631582
44923637
222873224
7858793
32923386
64889891
136192243
190957033
204286144
74824421
267969689
213948878
219653735
139449163
233503300
40183933
66447270
73075998
30430127
228655452
117759580
225849883
75982289
239524045
114837116
134677443
243183647
20632582
68325054
37867402
118314717
217647525
194572684
172490348
249652428
94992412
245804483
10712514
258120029
261805147
192643478
238459461
94187292
42852586
82653423
181335301
132784004
19482403
140693174
230382883
154727069
156678595
90913399
112423258
94743940
47190119
28989437
52955054
101467279
231443264
68188961
48005080
111522578
181136013
20221241
61944167
47924287
203438419
255783316
265551120
226998777
33430232
83389793
205097168
41757898
136905230
217513335
161440327
149561149
240322939
170220063
214235183
196306762
58099763
230344253
194067495
8884789
252825177
190398183
93666598
40856101
16652207
9504046
237695611
87289143
114307456
24347478
118091091
165649655
89573078
103286300
151026446
173183361
121247390
32325161
54172784
199427267
23769007
136493490
229080136
113615988
224259404
179348599
169778125
221477096
23030047
145571477
22017320
164350418
115203950
66755271
235049110
237097120
91060941
200460515
170709810
52782310
267371561
161425422
220914282
255777602
16191024
168043386
61365283
177668816
66414621
162165991
161003261
174984615
29611337
183638797
165237582
252325334
216263389
34598388
127958188
46181646
147896181
22270124
193800405
68931352
116427471
241073694
183691000
155716442
101954795
88136950
78816288
224487333
262572935
116050450
168535500
175458988
48058695
32691276
17428253
14378820
123616810
5922131
212353858
43063450
118005874
230046338
234694027
13934379
74253347
82621455
225676019
200093297
263997300
246370839
130370082
243081997
260163118
190676074
268131045
187320612
46433204
164793808
156083439
12747291
161249608
164214583
154012294
157909867
196403968
56082031
83544936
95515827
121844012
46349888
219492402
265153994
219361359
100173491
83772485
142725610
141934589
139920352
6608836
26243991
120849620
150401121
98251773
37978060
62881909
113127585
110037324
16241758
265891090
75420789
10408772
107899465
140155667
263332259
58608952
215237710
83087574
219127719
253476067
43110323
58341015
126890838
91648564
50515705
136483378
177626179
107160776
262642577
46382399
183603213
220164324
182929865
100296441
91045239
37621785
234522074
69712780
261468158
199069888
160449802
15510527
90761758
125405774
178319055
149687140
216509117
57231702
258679746
7997250
24763937
49841330
32461903
110290632
234773550
252056524
41781867
115857889
39053445
70717322
152239901
40436793
33499971
229777533
245723384
16874713
242869895
136260555
7038979
8074767
264996986
63296554
19372053
74835924
240096633
5438165
170060267
234995002
144084315
169669873
10307378
86835663
255701642
204985698
129125991
165246215
128041929
192679175
223343233
47822488
198740166
76584309
252990131
33601629
76431588
256153950
47844291
106636564
189853814
46709302
114432385
152510898
175146504
191278993
103028538
141344798
94039872
117972283
44108325
26181200
84931837
69445692
210486301
4743615
104901839
24056201
163501358
103264074
128071253
185420573
176563784
257096268
136695204
117674475
138598574
213688468
84820583
83751044
74204297
20355645
205456369
85037656
25593681
113980456
164789548
219376403
263912213
134800754
60910702
134491469
240545815
70418103
243977171
98899390
115492008
194009744
18582461
75716109
66596584
157636412
116155382
35654653
187824402
74541006
262730244
173304224
190540775
217499914
84445517
257806085
33021030
168488561
221422010
111202798
205926408
113490993
181699738
111599638
87817057
80044876
55400855
104974994
8837204
264839356
209838707
53443997
3825562
110156300
266165795
178286114
5097628
165429323
22087440
231472166
62437559
257128168
30976051
222174839
21531253
4381286
10098799
81395626
92755831
60456775
141686257
102138903
113802053
51311457
123698260
79267436
43008896
247762783
32704672
159465161
263605292
194601821
20025333
148873837
98782694
200082810
218990713
60842118
142674198
128059221
89346585
10204546
51582961
38620756
267780440
180692908
5258039
205839264
54475916
129092397
226046006
36752284
262345858
189980590
48283583
37947001
99409216
23199858
188907726
251043800
262986830
197404010
117138060
36042787
247656
5230364
46251985
206360539
188536633
68301443
102029
66814581
229557230
3990491
241622456
236588937
126448689
186508159
26961586
228380886
154135248
38345002
74655807
127768011
325558
14016602
87218435
37079765
258730539
108423956
15958851
256603735
250303986
108154857
170060024
70983784
255825711
11891044
203999228
105596883
239994155
254846205
214531669
255073100
168553460
230787970
49355455
82703883
133837381
145076623
12106899
128493617
98514511
80737814
159862406
60291295
152900663
92005757
94283908
220716042
192395179
26012549
175253512
32579543
178067018
252343166
146532081
52151282
69719136
88041318
42021752
17753490
30334527
208820193
153022044
7968555
173286028
143255911
65468231
35377916
92129901
14160126
149044396
77448646
182605239
213297913
100483927
264125428
162210472
203338793
98519281
69313035
181438598
246349500
89831538
39633157
112354565
123306649
219821344
57010075
140899593
115772252
14107532
119660925
138790080
69570924
82726343
114212879
105553556
140884831
58194215
214351906
72047345
106117800
16962245
18003305
204344200
210259689
245579476
247282972
182075130
93623222
169804256
126957110
72661289
160148577
60119370
209200882
143094243
19602837
122496139
129514993
219732997
13234545
88749924
156505593
65372140
14803072
185439397
126769793
159820681
241605061
211056852
57771204
10666120
147740887
141570008
119244586
225157221
113955773
51056457
173894867
112813907
26417919
97978890
164261903
16503066
111920359
82956340
150818192
35837891
47598451
108484152
212682973
58448087
42689924
186313326
86928134
25705520
51443225
32283376
57499984
1990715
61147793
118652296
127905259
265986101
50612542
10324932
105737748
253521624
