1000
211
1022
5013
2448
7510
1296
3606
6416
8849
729
1903
3077
4298
5715
7014
8213
9452
401
1025
1587
2217
2756
3364
3921
4685
5431
6033
6691
7249
7927
8561
9144
9706
249
536
863
1128
1457
1793
2065
2348
2604
2902
3241
3502
3747
4157
4512
4856
5165
5558
5893
6264
6583
6875
7143
7387
7676
8060
8350
8724
8976
9285
9614
9856
127
334
466
642
779
949
1080
1263
1389
1530
1693
1823
1956
2125
2280
2389
2531
2679
2808
2998
3169
3320
3433
3577
3686
3816
4084
4223
4405
4576
4801
4915
5092
5317
5476
5652
5799
5979
6137
6353
6495
6643
6795
6955
7062
7205
7321
7441
7608
7831
7968
8141
8275
8487
8624
8765
8941
9061
9174
9377
9536
9646
9776
9955
84
180
277
374
420
499
608
717
750
822
933
994
1051
1096
1143
1291
1326
1438
1497
1554
1662
1758
1807
1852
1922
2023
2090
2183
2256
2308
2360
2418
2504
2573
2638
2712
2767
2872
2967
3024
3119
3206
3281
3335
3393
3480
3564
3596
3646
3720
3801
3865
4028
4121
4182
4266
4350
4478
4555
4633
4757
4821
4873
4950
5065
5125
5212
5356
5459
5531
5605
5699
5777
5834
5932
6006
6076
6160
6317
6372
6458
6534
6596
6657
6748
6831
6915
6984
7032
7105
7167
7232
7274
7368
7419
7477
7568
7640
7772
7874
7936
8008
8094
8164
8235
8328
8451
8524
8573
8662
8741
8805
8893
8965
9004
9084
9164
9235
9345
9411
9486
9581
9621
9675
9748
9823
9907
9988
72
96
156
208
258
297
361
380
410
458
480
520
550
623
675
728
738
760
798
827
906
944
990
1000
1038
1069
1090
1114
1133
1161
1275
1293
1316
1358
1411
1448
1473
1515
1544
1562
1601
1674
1738
1779
1799
1812
1827
1871
1917
1953
2010
2029
2077
2097
2171
2211
2220
2263
2284
2321
2353
2375
2400
2433
2455
2521
2561
2593
2620
2663
2700
2737
2761
2790
2844
2885
2943
2993
3008
3062
3111
3157
3176
3234
3253
3308
3327
3342
3380
3397
3465
3490
3530
3568
3586
3598
3638
3666
3693
3729
3785
3811
3837
3874
3971
4041
4091
4140
4165
4201
4231
4295
4310
4371
4459
4491
4543
4562
4592
4671
4726
4790
4814
4844
4858
4905
4931
5005
5057
5073
5111
5144
5197
5274
5339
5402
5441
5471
5484
5543
5580
5611
5662
5713
5742
5792
5807
5879
5922
5939
5982
6028
6055
6111
6154
6211
6295
6326
6357
6406
6435
6469
6512
6555
6593
6628
6649
6668
6740
6770
6819
6864
6885
6937
6967
7000
7023
7048
7098
7121
7158
7175
7220
7245
7258
7296
7356
7376
7401
7436
7473
7485
7541
7592
7621
7653
7714
7798
7860
7899
7932
7951
7988
8015
8068
8135
8158
8185
8231
8268
8298
8345
8377
8460
8502
8551
8564
8616
8659
8690
8727
8760
8789
8838
8872
8920
8962
8969
8981
9029
9067
9127
9153
9170
9197
9252
9320
9353
9393
9445
9466
9504
9549
9588
9619
9628
9658
9705
9736
9753
9805
9839
9885
9925
9974
9996
61
73
92
120
142
157
205
248
256
265
280
310
357
365
375
383
406
413
431
465
473
481
514
526
545
580
618
641
644
681
721
-1
733
742
753
767
780
808
823
856
880
926
935
945
957
991
999
1021
1029
1044
1068
1073
1084
1091
1099
1125
1129
1141
1153
1193
1266
1286
1292
-1
1305
1324
1354
1369
1397
1412
1446
1453
1472
1491
1510
1523
1531
1548
1557
1570
1592
1616
1673
1692
1712
1747
1760
1789
1797
1801
1811
1817
1825
1845
1870
-1
1905
1918
1933
1954
1981
2018
2026
2048
2073
2081
2096
2121
2153
2173
2195
-1
2219
2230
2258
2272
2281
2295
2309
2344
2351
2356
2374
2383
2392
2407
2423
-1
2451
2497
2511
2522
2534
2562
2578
2598
2612
2631
2653
2675
2695
2705
2731
2747
2757
2764
2770
2805
2829
2863
2884
2900
2932
2946
2990
2994
3003
3020
3056
-1
3082
3115
3139
3159
3172
3191
3230
3237
3252
3259
3283
3311
3325
3330
3336
-1
3373
3387
3395
3424
3440
3470
3482
3492
3529
3552
3566
3574
3581
3588
3597
-1
3621
3640
3662
3667
3687
3700
3722
3738
3776
3790
3803
3813
3821
3850
3869
3893
3940
4026
4032
4057
4085
4103
4131
4154
4158
4178
4188
4214
4230
4247
4294
-1
4306
4327
4366
4391
4412
4461
4486
4510
4517
4544
4560
4568
4585
4596
4658
-1
4688
4733
4762
4794
4812
4816
4824
4854
4857
4860
4883
4913
4918
4939
4958
-1
5019
5062
5067
5082
5099
5116
5139
5163
5171
5208
5225
5283
5318
5353
5397
5413
5440
5457
5469
5475
5481
5512
5532
5557
5567
5593
5609
5612
5655
5695
5706
-1
5733
5744
5780
5798
5805
5812
5855
5891
5911
5926
5938
5951
5981
5990
6007
-1
6038
6068
6085
6115
6138
6159
6199
6216
6286
6316
6325
6349
6354
6359
6399
-1
6417
6444
6461
6470
6506
6521
6547
6578
6592
6595
6614
6638
6646
6656
6667
6688
6694
6744
6750
6789
6817
6824
6862
6870
6881
6888
6918
6950
6966
6974
6994
-1
7020
7029
7045
7053
7083
7099
7110
7139
7145
7159
7168
7195
7215
7229
7233
-1
7255
7260
7289
7314
7335
7367
7372
7380
7393
7405
7435
7437
7465
7476
7483
-1
7534
7559
7572
7607
7618
7632
7643
7655
7692
7750
7790
7826
7850
7861
7888
7924
7929
7933
7947
7956
7973
7991
8012
8047
8063
8088
8095
8138
8150
8159
8172
-1
8221
8233
8253
8272
8285
8319
8344
8349
8375
8405
8452
8463
8497
8509
8548
-1
8562
8571
8601
8621
8646
8660
8667
8697
8725
8731
8757
8762
8784
8795
8832
-1
8871
8890
8914
8925
8951
8964
8968
8971
8978
8988
9007
9048
9066
9083
9093
9132
9147
9156
9166
9172
9195
9234
9247
9265
9298
9344
9352
9373
9379
9397
9436
-1
9461
9480
9494
9530
9545
9555
9585
9595
9616
9620
9624
9638
9647
9665
9688
-1
9729
9742
9752
9757
9788
9822
9824
9849
9863
9898
9919
9927
9969
9986
9991
